-6.618657237009494430e-20
1.396523858294448167e-20
-6.618649482191251746e-20
1.396451479990849777e-20
-6.618734785191921277e-20
1.396921938964239312e-20
-6.618909268602381681e-20
1.396591066719218101e-20
-6.618827843010833492e-20
1.397490625635369518e-20
-6.618861447223218459e-20
1.397826667759219186e-20
-6.619581352850081016e-20
1.398002443639386704e-20
-6.619397822151670813e-20
1.399227704921730876e-20
-6.619978141050165046e-20
1.400142773474367663e-20
-6.620333570219621425e-20
1.401399054029682574e-20
-6.620891917133094719e-20
1.402474388826001510e-20
-6.621525227289580631e-20
1.404924911390689854e-20
-6.622448050660460102e-20
1.407039391831528531e-20
-6.623098162923138497e-20
1.409495084275045332e-20
-6.624142478446486695e-20
1.412080023689273544e-20
-6.625064009347659052e-20
1.415833355718732907e-20
-6.626436612176614233e-20
1.419534988959907706e-20
-6.627703232489586056e-20
1.424022443783007881e-20
-6.629361471123813454e-20
1.428447860060166579e-20
-6.630904679954107696e-20
1.434036499073727972e-20
-6.632990726061389863e-20
1.439940500695825207e-20
-6.635028950789508808e-20
1.446247752866542043e-20
-6.637461378778297555e-20
1.453930192805628288e-20
-6.639848570327337308e-20
1.461157683407810367e-20
-6.642826420532528208e-20
1.469760361778361855e-20
-6.645346736461400714e-20
1.478978255729499657e-20
-6.648544306516801011e-20
1.488682118290512363e-20
-6.651884048239983861e-20
1.499673280679810718e-20
-6.655322017660907382e-20
1.510845388828105048e-20
-6.659245955691705807e-20
1.523480572684852546e-20
-6.662904937432545840e-20
1.536539686605533470e-20
-6.667193351920750443e-20
1.550679305201361787e-20
-6.671165111330712090e-20
1.565739162228655347e-20
-6.675810247458080186e-20
1.581073022833857098e-20
-6.680375250463607208e-20
1.598169812119562489e-20
-6.685295682638590608e-20
1.616398804868699836e-20
-6.690532769891816965e-20
1.635139615621854369e-20
-6.695176613549477947e-20
1.655260784022206767e-20
-6.701012114277098134e-20
1.676534835401304948e-20
-6.706538714744718050e-20
1.698811843273123674e-20
-6.711959332696354610e-20
1.722143506425947511e-20
-6.717363148541798686e-20
1.746431597162035786e-20
-6.723776383228498878e-20
1.772456767184485420e-20
-6.729715281532688194e-20
1.799851955096476005e-20
-6.735384053668090662e-20
1.827779640527797602e-20
-6.741319074563158636e-20
1.857992412401296938e-20
-6.747685780340402720e-20
1.889197801009859907e-20
-6.753691887069361970e-20
1.921230370230975903e-20
-6.758936729140831011e-20
1.955196474133934602e-20
-6.764938958460668918e-20
1.990770410352543249e-20
-6.770344066775820108e-20
2.027424851246299288e-20
-6.775909441334653448e-20
2.066219621975036285e-20
-6.781410192408131082e-20
2.105960480529380809e-20
-6.785732211108720651e-20
2.147257472611090716e-20
-6.790379932175502975e-20
2.190234675312048960e-20
-6.794748479785548653e-20
2.235455605424557291e-20
-6.798765475635259294e-20
2.281462357118990999e-20
-6.801660607779194890e-20
2.329562909738949559e-20
-6.804230037556937733e-20
2.379095518794390547e-20
-6.806336763179533725e-20
2.430649550471757997e-20
-6.807419852794095346e-20
2.483883792768373784e-20
-6.807874802130999511e-20
2.538555261379300457e-20
-6.807518080491836018e-20
2.595103396004956812e-20
-6.806029155389240568e-20
2.653543706281828217e-20
-6.803865561099531555e-20
2.713840003058115478e-20
-6.800427591678608033e-20
2.775894058636077923e-20
-6.795218938758938187e-20
2.839421529680150448e-20
-6.788854817921108331e-20
2.904820496860124199e-20
-6.781467061075244102e-20
2.972489040845790319e-20
-6.772176788820507910e-20
3.040974425686352554e-20
-6.761397591463176268e-20
3.111760406605577897e-20
-6.748405685967265277e-20
3.184123200567482450e-20
-6.733914515611101924e-20
3.258378170180602053e-20
-6.717332129268827947e-20
3.334287501018827711e-20
-6.698229426997681464e-20
3.411380734108769890e-20
-6.677027753922181674e-20
3.490071459756705104e-20
-6.653256651068939041e-20
3.570499264691001676e-20
-6.626885099164982827e-20
3.652762376609400279e-20
-6.598243970455334244e-20
3.735790630594410432e-20
-6.566340648204929658e-20
3.820235431378417644e-20
-6.530846845108162086e-20
3.905569451320919362e-20
-6.492675044778254087e-20
3.992009825332710754e-20
-6.451080784663907936e-20
4.079411796806595041e-20
-6.405735777459516650e-20
4.167935631986254371e-20
-6.356988989986001038e-20
4.257043663473529277e-20
-6.303770257325870620e-20
4.345898370898209819e-20
-6.247558164824063933e-20
4.435657807117870234e-20
-6.186289930828026865e-20
4.526053138433430790e-20
-6.121689709927049631e-20
4.615833254168405031e-20
-6.052010083077113963e-20
4.705122231414675912e-20
-5.977948983920061475e-20
4.794413793600361022e-20
-5.899405599818737269e-20
4.882580907140856859e-20
-5.815759545313726574e-20
4.969499494944280470e-20
-5.726829874646033414e-20
5.055565052741008771e-20
-5.633777225612646257e-20
5.139712585492379740e-20
-5.534391475014399982e-20
5.221918828743665322e-20
-5.431092126143012195e-20
5.302101064433610214e-20
-5.321351108251367704e-20
5.379974949226649313e-20
-5.206662516320890417e-20
5.453932650807132671e-20
-5.086798875683128251e-20
5.524757405817571438e-20
-4.961460333366030732e-20
5.592133851649429770e-20
-4.830879533916878401e-20
5.655260657084296923e-20
-4.694513640058683332e-20
5.713437303540917051e-20
-4.553448326345421375e-20
5.766508694654436461e-20
-4.406923620589309436e-20
5.813735537752385884e-20
-4.255720174493444433e-20
5.855544347838112977e-20
-4.099212432719583141e-20
5.890159271534042957e-20
-3.938144857819023283e-20
5.918136070814234890e-20
-3.772962059371012113e-20
5.938272748851072657e-20
-3.603421053070612178e-20
5.950132450883551692e-20
-3.430018147285355295e-20
5.953663478123387428e-20
-3.253166932321517978e-20
5.947693560546227374e-20
-3.073534322547971106e-20
5.932010733120104815e-20
-2.891208205904798437e-20
5.905980393218826725e-20
-2.706503945000535814e-20
5.869519822781137802e-20
-2.520755368572924993e-20
5.821489063525363405e-20
-2.334588031960209202e-20
5.761583092600624604e-20
-2.147826159282220922e-20
5.689571850399055088e-20
-1.961508896183479895e-20
5.604946103856051900e-20
-1.776933882249928682e-20
5.507014381678308994e-20
-1.594778371608095075e-20
5.395414792347834420e-20
-1.415533502746682434e-20
5.270537015481323080e-20
-1.241375794652470914e-20
5.131263387899548052e-20
-1.072129471445292995e-20
4.977792949937404908e-20
-9.089784353768651991e-21
4.810225625659124907e-20
-7.534322910650968012e-21
4.627511848883174702e-20
-6.074504225859727859e-21
4.430412480370261026e-20
-4.715704973376526210e-21
4.219153944657198932e-20
-3.467799621763714834e-21
3.993209237220912644e-20
-2.348624252979468390e-21
3.753372742255137169e-20
-1.375549659887400459e-21
3.499999565811902108e-20
-5.611386480406601489e-22
3.233549827106940081e-20
8.287315762015646018e-23
2.954128216186527333e-20
5.382877836188827594e-22
2.663414297435058642e-20
7.949205686634595956e-22
2.361326645260985821e-20
8.285247810484263448e-22
2.049526083237950496e-20
6.381181437963762869e-22
1.729765200288799393e-20
1.974893712470353574e-22
1.401872097942486337e-20
-5.017367403016958490e-22
1.068386479173490545e-20
-1.476930983713430913e-21
7.309278085248259921e-21
-2.743602995473539105e-21
3.908014804006779250e-21
-4.297254981001263335e-21
5.058984927586032695e-22
-6.169940189033033427e-21
-2.877632104101271870e-21
-8.356333644375539264e-21
-6.217916664561109032e-21
-1.087370274231582530e-20
-9.494172275730513395e-21
-1.372463242226811975e-20
-1.267527626706217729e-20
-1.691661900853368441e-20
-1.573173447983975683e-20
-2.045364330781043075e-20
-1.863811111022724642e-20
-2.432849333913266205e-20
-2.136824657135265654e-20
-2.855143131197486430e-20
-2.387408683950548475e-20
-3.311041140866673405e-20
-2.614195758518446382e-20
-3.800124602735722159e-20
-2.812088380314101340e-20
-4.322003190953084232e-20
-2.978274135254833056e-20
-4.874805409382858399e-20
-3.110338689927752381e-20
-5.457499867198767603e-20
-3.202378042710762079e-20
-6.068098745991270351e-20
-3.252060578252228304e-20
-6.704477225561871051e-20
-3.256222330709135724e-20
-7.363442905733997864e-20
-3.210060482649848324e-20
-8.043668420118444602e-20
-3.111351986178129840e-20
-8.740680531058889345e-20
-2.956658871873056752e-20
-9.451498803410726966e-20
-2.741343758425503648e-20
-1.017194985248968602e-19
-2.463648887033795345e-20
-1.089804705548417304e-19
-2.119950172639183889e-20
-1.162572721075244806e-19
-1.707905660132378522e-20
-1.234880471983497636e-19
-1.224677086036556668e-20
-1.306342624585871063e-19
-6.679121554847706525e-21
-1.376374804860164782e-19
-3.585310967534529328e-22
-1.444358226778226576e-19
6.731595824956539218e-21
-1.509721780288225400e-19
1.460620016009650899e-20
-1.571880332042008021e-19
2.327489788328738533e-20
-1.630112683943004766e-19
3.274570230671327569e-20
-1.683794896240106303e-19
4.301913041825702572e-20
-1.732192716892701106e-19
5.410154116887763682e-20
-1.774689637850495749e-19
6.598378387304874111e-20
-1.810480967473840988e-19
7.866203282043728085e-20
-1.838855588929882642e-19
9.212506937398550559e-20
-1.859086875749281162e-19
1.063595035475277132e-19
-1.870277336967416513e-19
1.213484815360831358e-19
-1.871809947546112419e-19
1.370758216189187046e-19
-1.862719232614154645e-19
1.535073508969783229e-19
-1.842256335223241277e-19
1.706299895768259957e-19
-1.809474650559881945e-19
1.884095647594056263e-19
-1.763479789586753687e-19
2.068142558405280652e-19
-1.703315841708474910e-19
2.258058832650451618e-19
-1.628008801753764425e-19
2.453509462181485185e-19
-1.536406303731759295e-19
2.654004600979385107e-19
-1.427421639112717979e-19
2.859129366268167755e-19
-1.299804214208036869e-19
3.068295038096242655e-19
-1.152157644746149886e-19
3.280972737859458715e-19
-9.830901993464365592e-20
3.496353250274191792e-19
-7.910209290631549157e-20
3.713762552388181882e-19
-5.742230943676005098e-20
3.932054417441674838e-19
-3.308205462329265057e-20
4.150397367360341480e-19
-5.886062142562491242e-21
4.367315337115172142e-19
2.439650309512100629e-20
4.581392620012479388e-19
5.799047912000741187e-20
4.790670542834617149e-19
9.515130964501075734e-20
4.993045320327573114e-19
1.361527914528860949e-19
5.186039740427207035e-19
1.812751319761357626e-19
5.366653205461482802e-19
2.308108429588738249e-19
5.531225182725911846e-19
2.850744598290235706e-19
5.675718643090323257e-19
3.443601486919241701e-19
5.795245466122411488e-19
4.089857019991608398e-19
5.884233039432983359e-19
4.792493700603472306e-19
5.936038585715355214e-19
5.554246394655086875e-19
5.943472095988851282e-19
6.377590957117399884e-19
5.897903233031187833e-19
7.264601026388505205e-19
5.789686295418172296e-19
8.216742780104153079e-19
5.608081376871569298e-19
9.234590850296126438e-19
5.340906174920004124e-19
1.031783013284983086e-18
4.974744854003632357e-19
1.146487851559678798e-18
4.494675075871997376e-19
1.267251749047234224e-18
3.884371397160599491e-19
1.393597900747997899e-18
3.126205048052285143e-19
1.524796539491241986e-18
2.201020593511857595e-19
1.659899515962176113e-18
1.088432167342947479e-19
1.797636429373935147e-18
-2.332277096123889181e-20
1.936423144842949078e-18
-1.786438187488162970e-19
2.074290578308081030e-18
-3.594727384832679857e-19
2.208835330650164039e-18
-5.681933095936069300e-19
2.337187395336368807e-18
-8.072030116877415115e-19
2.455937780116605309e-18
-1.078858999318718152e-18
2.561111339310279261e-18
-1.385417149113333811e-18
2.648117530710451067e-18
-1.728973433346221292e-18
2.711662760288299340e-18
-2.111369776446383049e-18
2.745770208678428037e-18
-2.534117489091741748e-18
2.743699206918536679e-18
-2.998255872023181985e-18
2.697921274061050452e-18
-3.504262699592635559e-18
2.600096103085962033e-18
-4.051898166970644519e-18
2.441099064656198973e-18
-4.640029269362558498e-18
2.210972506859059640e-18
-5.266507560223635860e-18
1.899002734701968936e-18
-5.927901868523612504e-18
1.493731177050747759e-18
-6.619350168793569516e-18
9.830637295668348624e-19
-7.334304395906960559e-18
3.543804595360266936e-19
-8.064289376053221654e-18
-4.053570157482555610e-19
-8.798646233534611380e-18
-1.309361303909109697e-18
-9.524259044732266177e-18
-2.370803705237794144e-18
-1.022527324934669854e-17
-3.602498281398520991e-18
-1.088282734580350361e-17
-5.016568863533115111e-18
-1.147474918429820083e-17
-6.623955225435320003e-18
-1.197530243593848643e-17
-8.433968680766703677e-18
-1.235491177491040976e-17
-1.045363861037274176e-17
-1.257995197327156638e-17
-1.268703768969812737e-17
-1.261256325872873979e-17
-1.513450152142700976e-17
-1.241050733351252888e-17
-1.779171093029215500e-17
-1.192713834550772615e-17
-2.064871214178998281e-17
-1.111144173989271358e-17
-2.368878357059076303e-17
-9.908194835575874474e-18
-2.688723386248509069e-17
-8.258271486154954403e-18
-3.021008384670126819e-17
-6.099169976244234876e-18
-3.361263479289372677e-17
-3.365679522253097957e-18
-3.703800341934823259e-17
9.145567346327696795e-21
-4.041555357146518323e-17
4.092740261414238545e-18
-4.365932362216817371e-17
8.951480892723128024e-18
-4.666647887190787229e-17
1.464872928939940492e-17
-4.931577123173269594e-17
2.124245556124049252e-17
-5.146616594191325887e-17
2.878245954833847472e-17
-5.295563080570779367e-17
3.730704188440366467e-17
-5.360019470272870114e-17
4.683914261426763062e-17
-5.319341385065230040e-17
5.738196297859974107e-17
-5.150627249184653425e-17
6.891393597483708337e-17
-4.828777202691286597e-17
8.138318678032098434e-17
-4.326626908272466033e-17
9.470137015333591367e-17
-3.615175501540022668e-17
1.087369730748070689e-16
-2.663927888707513989e-17
1.233081395768719370e-16
-1.441371729950695083e-17
1.381751497000958847e-16
8.439565591586390600e-19
1.530325692069545570e-16
1.944857414410663598e-17
1.675013981644052834e-16
4.170077171572881189e-17
1.811213381881022936e-16
6.787472392322379083e-17
1.933434806246084947e-16
9.820352876394415575e-17
2.035238811093323874e-16
1.328619842871758108e-16
2.109182377966596291e-16
1.719466728250234834e-16
2.146784006836174551e-16
2.154532493528257975e-16
2.138511280472212809e-16
2.632509132995846029e-16
2.073798435828909184e-16
3.150541638972626816e-16
1.941101301503382408e-16
3.703920868095432887e-16
1.727997580977234694e-16
4.285753861893573009e-16
1.421341615007233108e-16
4.886618844489490957e-16
1.007483875551814166e-16
5.494209934082325015e-16
4.725636398493931082e-17
6.092983163541722064e-16
-1.971131777762523659e-17
6.663815059962107443e-16
-1.014602760441495329e-16
7.183688802515512558e-16
-1.991747826092887571e-16
7.625427446202710161e-16
-3.138491229415947916e-16
7.957495349521599721e-16
-4.462070833340751974e-16
8.143893730604098644e-16
-5.966092684184839448e-16
8.144179759320161824e-16
-7.649481909856046549e-16
7.913641407749638866e-16
-9.505315118228735599e-16
7.403665820850907798e-16
-1.151954392536822164e-15
6.562338359626510210e-16
-1.366962591759176342e-15
5.335315652002597642e-16
-1.592308708678568319e-15
3.667013855873439907e-16
-1.823604947631538008e-15
1.502155943347199810e-16
-2.055176833052972342e-15
-1.212282721856481147e-16
-2.279923479839361437e-15
-4.524692349811574398e-16
-2.489191420717618350e-15
-8.475980956086615617e-16
-2.672670295771306429e-15
-1.309623999772947923e-15
-2.818320277623484302e-15
-1.840091677230963309e-15
-2.912342552372098276e-15
-2.438650270175207828e-15
-2.939205774693590509e-15
-3.102577069106806475e-15
-2.881742519506316354e-15
-3.826261973707807593e-15
-2.721331225826346947e-15
-4.600661757847111594e-15
-2.438179835448549999e-15
-5.412737009314319160e-15
-2.011727707495122544e-15
-6.244888758029605931e-15
-1.421182477554894364e-15
-7.074416600454669554e-15
-6.462074342258067515e-16
-7.873025408276009275e-15
3.322266118780806945e-16
-8.606412949465882415e-15
1.530813923845576419e-15
-9.233976706974258540e-15
2.962703934311072668e-15
-9.708683608884657137e-15
4.636107529977828238e-15
-9.977151844111827507e-15
6.552725341969475987e-15
-9.979998673819374894e-15
8.706012979805943269e-15
-9.652511801629645431e-15
1.107930894693534003e-14
-8.925704366575366930e-15
1.364386377166875883e-14
-7.727813732382747815e-15
1.635682387422326931e-14
-5.986302204625298036e-15
1.915923989763152887e-14
-3.630412337529985916e-15
2.197418759002834087e-14
-5.943203484594561171e-16
2.470510851762679706e-14
3.179082623303657866e-15
2.723449772407903478e-14
7.733770416155781575e-15
2.942308526764698321e-14
1.309553649287111570e-14
3.110967727220745604e-14
1.926636772106678640e-14
3.211183850976478086e-14
2.621831882541914372e-14
3.222761147354316680e-14
3.388701299167310875e-14
3.123847423231550849e-14
4.216494432527434925e-14
2.891374009626373261e-14
5.089481388177285057e-14
2.501659315164032575e-14
5.986319204399222586e-14
1.931193420365714087e-14
6.879486388058194379e-14
1.157617791508590762e-14
7.734827967047063633e-14
1.609093465197143094e-15
8.511259611376261813e-14
-1.075228580734475276e-14
9.160685223935729841e-14
-2.561774378441377906e-14
9.628187287062863362e-14
-4.302612036031996695e-14
9.852552705779860312e-14
-6.292600114641429777e-14
9.767198342483075832e-14
-8.515529936201244175e-14
9.301559243666662329e-14
-1.094203380735386279e-13
8.382998140029024206e-14
-1.352752240322579302e-13
6.939286354578975333e-14
-1.621024987789373410e-13
4.901693233947943611e-14
-1.890962529095382619e-13
2.208702952118410110e-14
-2.152490859489553651e-13
-1.189646492223116759e-14
-2.393444774973950150e-13
-5.326837385328826643e-14
-2.599562919071087594e-13
-1.021443119581674894e-13
-2.754572543640410786e-13
-1.583622644932761024e-13
-2.840382934724006239e-13
-2.214217792157044787e-13
-2.837406264999641247e-13
-2.904229234248905542e-13
-2.725023486775656384e-13
-3.640077202886426527e-13
-2.482210578540974118e-13
-4.403073543020616091e-13
-2.088336812525465029e-13
-5.168990003095612139e-13
-1.524141555778922556e-13
-5.907766515282506318e-13
-7.728893104296084862e-14
-6.583407627223458213e-13
1.783058410864397529e-14
-7.154118408673552663e-13
1.337005509033418540e-13
-7.572732595974538545e-13
2.703853089272455192e-13
-7.787484929857354270e-13
4.270905250805324252e-13
-7.743176057614411071e-13
6.019948078517577993e-13
-7.382771473513655896e-13
7.920872565644142002e-13
-6.649465278533392497e-13
9.930199744435567826e-13
-5.489224630289257141e-13
1.198986072770803259e-12
-3.853811338508260545e-13
1.402635037642836615e-12
-1.704253000926904999e-13
1.595038413230913763e-12
9.852925370296524878e-14
1.765719452911759725e-12
4.223368434956011593e-13
1.902760570673848013e-12
7.996871213788998947e-13
1.993001951078702088e-12
1.226668847769520206e-12
2.022343409653467943e-12
1.696352622572388114e-12
1.976159407938583595e-12
2.198416921008607247e-12
1.839833906893595267e-12
2.718845404673031301e-12
1.599417406900217257e-12
3.239726542015954578e-12
1.242403029001428624e-12
3.739188776404196487e-12
7.586118511835960913e-13
4.191505501524708345e-12
1.411700005067538384e-13
4.567403604362270008e-12
-6.124486304490707578e-13
4.834606980782786145e-12
-1.499349486449305507e-12
4.958641902914928992e-12
-2.510159371759647907e-12
4.903924150420953286e-12
-3.628038058868566494e-12
4.635138210283342312e-12
-4.827823095854789230e-12
4.118906499828133704e-12
-6.075379123213200018e-12
3.325731502663881307e-12
-7.327228761159493802e-12
2.232176110188642964e-12
-8.530545171621488102e-12
8.232276992479141010e-13
-9.623585950521820384e-12
-9.052298777751716686e-13
-1.053664329398025217e-11
-2.943934368747605554e-12
-1.119357569430458521e-11
-5.267873177214222816e-12
-1.151397116176012443e-11
-7.834161789840159419e-12
-1.141597071520319341e-11
-1.058033055403637232e-11
-1.081975345808106929e-11
-1.342319088071293419e-11
-9.651651082531548332e-12
-1.625845885498993909e-11
-7.848820615782762815e-12
-1.896131322825804103e-11
-5.364360556084113626e-12
-2.138805417559373667e-11
-2.172708617556492021e-12
-2.337900754706553635e-11
1.724889021568520975e-12
-2.476278543652215573e-11
6.295094446833860114e-12
-2.536196699184695398e-11
1.146768181488096598e-11
-2.500020332635248992e-11
1.713156602835369232e-11
-2.351067770499192355e-11
2.313202034053258187e-11
-2.074576824326941651e-11
2.926945920054107054e-11
-1.658766747359726596e-11
3.530015729773438518e-11
-1.095961459218555752e-11
4.093924949379034159e-11
-3.837296292507969628e-12
4.586630633341458381e-11
4.740123930266524104e-12
4.973370406622135102e-11
1.465997415785157632e-11
5.217790562074186450e-11
2.572773556076405390e-11
5.283364010522062552e-11
3.766113789391333688e-11
5.135081511079530587e-11
5.008744412297552275e-11
4.741382208977121421e-11
6.254465567920004643e-11
4.076270602800747747e-11
7.448730224271632369e-11
3.121547414889073428e-11
8.529736377032571194e-11
1.869062400725986744e-11
9.430070497917062273e-11
3.228790297237825214e-12
1.007891833738235032e-10
-1.498774537392270669e-11
1.040483237848078333e-10
-3.561905309564489564e-11
1.033901412124229686e-10
-5.815649536830912968e-11
9.819034907658990678e-11
-8.191803954074892908e-11
8.792882498895554969e-11
-1.060512891780375721e-10
7.223183770420538947e-11
-1.295454113793080142e-10
5.091418703167357471e-11
-1.512528730120435870e-10
2.401909588408804008e-11
-1.699215391660106087e-10
-8.146555255440896053e-12
-1.842372353529162870e-10
-4.498422132569917027e-11
-1.928763405419283259e-10
-8.558553020555836619e-11
-1.945673769292259724e-10
-1.287264942094333260e-10
-1.881599169134134446e-10
-1.728763848711293470e-10
-1.726984670235970936e-10
-2.162231558299569373e-10
-1.474983472310426249e-10
-2.567167255423210738e-10
-1.122200015459718733e-10
-2.921306947437110611e-10
-6.693769451487216526e-11
-3.201421883132509605e-10
-1.219821168857063116e-11
-3.384285037985233633e-10
5.093496758214275752e-11
-3.447781570459606491e-10
1.208564816332463741e-10
-3.372127877401699534e-10
1.954170082908941541e-10
-3.141152824742705186e-10
2.719478162308784210e-10
-2.743584562348527676e-10
3.473145743872228688e-10
-2.174277757874451895e-10
4.180018808940429176e-10
-1.435309826721476618e-10
4.802285547851979243e-10
-5.368714887656648021e-11
5.300921076113963163e-10
5.021226313085495294e-11
5.637390402770621023e-10
1.653773125486399500e-10
5.775557723249967642e-10
2.881345433138473267e-10
5.683732014988316857e-10
4.139877216195222507e-10
5.336762173659254125e-10
5.377272725776338600e-10
4.718080677695083388e-10
6.535891400351079327e-10
3.821584156916292052e-10
7.554612619823889236e-10
2.653233358590189371e-10
8.371330914906130637e-10
1.232254811602572153e-10
8.925807264286933843e-10
-4.081672592788433070e-11
9.162773897780372694e-10
-2.220807047225281155e-10
9.035163922287638647e-10
-4.144999365250447564e-10
8.507314846411509718e-10
-6.107978997083491985e-10
7.557978438374941515e-10
-8.026975176711850110e-10
6.182959935677699293e-10
-9.812041155139793356e-10
4.397208831975278679e-10
-1.136955742244934286e-09
2.236192356069587705e-10
-1.260630434973287229e-09
-2.435980551671363786e-11
-1.343395806813363909e-09
-2.965127421868606547e-10
-1.377382479257360491e-09
-5.832365728994886630e-10
-1.356159609380028047e-09
-8.732936848813432846e-10
-1.275188333271722479e-09
-1.154184540490253611e-09
-1.132227588611994390e-09
-1.412619954048794754e-09
-9.276666822637843279e-10
-1.635078638323628785e-09
-6.647602703776656983e-10
-1.808429753176473695e-09
-3.497441881542169034e-10
-1.920594767531409984e-09
8.185205542639158303e-12
-1.961218409450317520e-09
3.970399132910312471e-10
-1.922315171030862906e-09
8.023623916916230287e-10
-1.798856059356566554e-09
1.207698158324043105e-09
-1.589260285080156157e-09
1.595207996461050126e-09
-1.295758518056547117e-09
1.946400481076307858e-09
-9.245982774978500759e-10
2.242957515647876880e-09
-4.860679134693592225e-10
2.467618345127495183e-09
5.676690345812227622e-12
2.605081574920275039e-09
5.329893920663050376e-10
2.642880522682583658e-09
1.075311474274534827e-09
2.572185138481697007e-09
1.609935287163406428e-09
2.388484035754000658e-09
2.112928493115518450e-09
2.092103049255371995e-09
2.560183219863953208e-09
1.688522208348467731e-09
2.928545301516899457e-09
1.188460966463204652e-09
3.196971467733962811e-09
6.077116886524061956e-10
3.347657371444010092e-09
-3.328665134593986445e-11
3.367077165233120181e-09
-7.101294291117040284e-10
3.246876253230075259e-09
-1.395363091937403344e-09
2.984563005706599110e-09
-2.059605168625330745e-09
2.583952594478941184e-09
-2.672822449627529912e-09
2.055326466085276726e-09
-3.205711296735689794e-09
1.415283906704985114e-09
-3.631115550128133582e-09
6.862770841028919924e-10
-3.925412057162080701e-09
-1.041628549482935399e-10
-4.069791924383693842e-09
-9.244844436594689764e-10
-4.051367484911878076e-09
-1.740419009851232402e-09
-3.864040764116633375e-09
-2.516473259963748543e-09
-3.509078781447915957e-09
-3.217543979905507005e-09
-2.995353984250423684e-09
-3.810578251501765167e-09
-2.339223895052124987e-09
-4.266197104931655690e-09
-1.564041902305282568e-09
-4.560199281166881489e-09
-6.993101191230603940e-10
-4.674864998963084090e-09
2.204956448590176638e-10
-4.599987293687547264e-09
1.157380573239618380e-09
-4.333570347198226423e-09
2.071500780114026736e-09
-3.882149735030506047e-09
2.922970855001077064e-09
-3.260707926896056951e-09
3.673721945179751606e-09
-2.492178745895825502e-09
4.289318308493170521e-09
-1.606555737711416578e-09
4.740640107554101533e-09
-6.396403606950263364e-10
5.005345021421456564e-09
3.685145937872244909e-10
5.069030872964460806e-09
1.375394021933172442e-09
4.926035478204821829e-09
2.337956292435267158e-09
4.579827625452891685e-09
3.214621149506577836e-09
4.042963569030215772e-09
3.967211064708464414e-09
3.336605581633157150e-09
4.562748585219859220e-09
2.489621744613370973e-09
4.975018679815042791e-09
1.537308016942155234e-09
5.185816470687053713e-09
5.197934918583175533e-10
5.185816470688600541e-09
-5.197934918629533836e-10
4.975018679819450837e-09
-1.537308016947990787e-09
4.562748585226422071e-09
-2.489621744621442188e-09
3.967211064716155539e-09
-3.336605581644104885e-09
3.214621149514386421e-09
-4.042963569044110752e-09
2.337956292441602121e-09
-4.579827625469760379e-09
1.375394021937239689e-09
-4.926035478223787426e-09
3.685145937883808377e-10
-5.069030872984487676e-09
-6.396403606969632832e-10
-5.005345021441322133e-09
-1.606555737716143089e-09
-4.740640107572620453e-09
-2.492178745902603007e-09
-4.289318308509356791e-09
-3.260707926903814251e-09
-3.673721945193006348e-09
-3.882149735038030081e-09
-2.922970855011244768e-09
-4.333570347204335152e-09
-2.071500780121439515e-09
-4.599987293691287775e-09
-1.157380573245043651e-09
-4.674864998963870738e-09
-2.204956448635255914e-10
-4.560199281164586062e-09
6.993101191182567494e-10
-4.266197104926730657e-09
1.564041902298817324e-09
-3.810578251494806923e-09
2.339223895043446208e-09
-3.217543979897698834e-09
2.995353984238777394e-09
-2.516473259956298540e-09
3.509078781433200001e-09
-1.740419009845485565e-09
3.864040764099164975e-09
-9.244844436559824101e-10
4.051367484892587397e-09
-1.041628549477798608e-10
4.069791924363613206e-09
6.862770841003496528e-10
3.925412057142415309e-09
1.415283906699799519e-09
3.631115550110025772e-09
2.055326466078253549e-09
3.205711296720057322e-09
2.583952594471173958e-09
2.672822449614874876e-09
2.984563005699295519e-09
2.059605168615726764e-09
3.246876253224368127e-09
1.395363091930412841e-09
3.367077165229905757e-09
7.101294291065089206e-10
3.347657371443782617e-09
3.328665134145427078e-11
3.196971467736764885e-09
-6.077116886574079500e-10
2.928545301522295983e-09
-1.188460966469830782e-09
2.560183219871128173e-09
-1.688522208357583054e-09
2.112928493123364258e-09
-2.092103049267481506e-09
1.609935287170735869e-09
-2.388484035769131032e-09
1.075311474280219625e-09
-2.572185138499405704e-09
5.329893920694820315e-10
-2.642880522702045150e-09
5.676690346004547114e-12
-2.605081574940394967e-09
-4.860679134721780473e-10
-2.467618345147090678e-09
-9.245982775032385372e-10
-2.242957515665830008e-09
-1.295758518063599659e-09
-1.946400481091833624e-09
-1.589260285087953368e-09
-1.595207996473527112e-09
-1.798856059363835611e-09
-1.207698158333516184e-09
-1.922315171036509654e-09
-8.023623916985279188e-10
-1.961218409453478177e-09
-3.970399132961721746e-10
-1.920594767531597754e-09
-8.185205547017011695e-12
-1.808429753173715668e-09
3.497441881491826822e-10
-1.635078638318267827e-09
6.647602703710997454e-10
-1.412619954041649361e-09
9.276666822547625792e-10
-1.154184540482394568e-09
1.132227588600040803e-09
-8.732936848740056756e-10
1.275188333256753612e-09
-5.832365728936293291e-10
1.356159609362502571e-09
-2.965127421834175154e-10
1.377382479238029487e-09
-2.435980551624028376e-11
1.343395806793287822e-09
2.236192356045192081e-10
1.260630434953593920e-09
4.397208831924773099e-10
1.136955742226731763e-09
6.182959935608677274e-10
9.812041154981233173e-10
7.557978438297694219e-10
8.026975176582129579e-10
8.507314846337392267e-10
6.107978996983494121e-10
9.035163922227524330e-10
4.144999365176797470e-10
9.162773897743258134e-10
2.220807047170366702e-10
8.925807264278249481e-10
4.081672592335303530e-11
8.371330914927190655e-10
-1.232254811650089543e-10
7.554612619871650644e-10
-2.653233358650815506e-10
6.535891400418825419e-10
-3.821584156999061812e-10
5.377272725854158718e-10
-4.718080677805680538e-10
4.139877216272071722e-10
-5.336762173799522243e-10
2.881345433203541362e-10
-5.683732015155761995e-10
1.653773125530391033e-10
-5.775557723438146061e-10
5.021226313253268202e-11
-5.637390402970264166e-10
-5.368714887783227334e-11
-5.300921076314227725e-10
-1.435309826761772722e-10
-4.802285548041815126e-10
-2.174277757936308461e-10
-4.180018809110651573e-10
-2.743584562423583977e-10
-3.473145744015914096e-10
-3.141152824819910089e-10
-2.719478162423155371e-10
-3.372127877470358626e-10
-1.954170082995339522e-10
-3.447781570510003504e-10
-1.208564816396013959e-10
-3.384285038010288934e-10
-5.093496758704008034e-11
-3.201421883128676140e-10
1.219821168410096072e-11
-2.921306947405015487e-10
6.693769450973702801e-11
-2.567167255366909207e-10
1.122200015392157722e-10
-2.162231558227126963e-10
1.474983472218606099e-10
-1.728763848632270838e-10
1.726984670115949097e-10
-1.287264942019602661e-10
1.881599168985532483e-10
-8.558553019951384727e-11
1.945673769118594705e-10
-4.498422132188421329e-11
1.928763405227441464e-10
-8.146555254370731135e-12
1.842372353328461712e-10
2.401909588229388533e-11
1.699215391461036801e-10
5.091418702725973896e-11
1.512528729933243863e-10
7.223183769779422273e-11
1.295454113626226956e-10
8.792882498140876737e-11
1.060512891639625770e-10
9.819034906891915077e-11
8.191803952953018863e-11
1.033901412056519783e-10
5.815649535979020335e-11
1.040483237798453183e-10
3.561905308931954889e-11
1.007891833713154787e-10
1.498774536900046506e-11
9.430070497946224267e-11
-3.228790301720523748e-12
8.529736377338046409e-11
-1.869062401232014484e-11
7.448730224813818241e-11
-3.121547415547261042e-11
6.254465568630868152e-11
-4.076270603685034841e-11
5.008744413085627924e-11
-4.741382210131441626e-11
3.766113790157106479e-11
-5.135081512512672697e-11
2.572773556722691942e-11
-5.283364012208239212e-11
1.465997416231493951e-11
-5.217790563954923744e-11
4.740123932175863753e-12
-4.973370408615764455e-11
-3.837296293371546188e-12
-4.586630635350769916e-11
-1.095961459570159211e-11
-4.093924951306742387e-11
-1.658766747930326123e-11
-3.530015731532686245e-11
-2.074576825045441070e-11
-2.926945921580120867e-11
-2.351067771274332967e-11
-2.313202035308970055e-11
-2.500020333370509159e-11
-1.713156603819372949e-11
-2.536196699789173140e-11
-1.146768182230822070e-11
-2.476278544051182877e-11
-6.295094452450209678e-12
-2.337900754850563841e-11
-1.724889026185532961e-12
-2.138805417431030779e-11
2.172708612996762292e-12
-1.896131322440058764e-11
5.364360550661220928e-12
-1.625845884900756211e-11
7.848820608659910561e-12
-1.342319087331949048e-11
9.651651073093727735e-12
-1.058033054610050492e-11
1.081975344600505953e-11
-7.834161782282313560e-12
1.141597070045254683e-11
-5.267873170915759440e-12
1.151397114463577969e-11
-2.943934364429826154e-12
1.119357567537204950e-11
-9.052298759268365898e-13
1.053664327401845821e-11
8.232276984383110765e-13
9.623585930412510393e-12
2.232176106830186279e-12
8.530545152269675219e-12
3.325731497155375416e-12
7.327228743372008704e-12
4.118906492814055700e-12
6.075379107603216185e-12
4.635138202585289339e-12
4.827823082790505431e-12
4.903924142912789963e-12
3.628038048428202995e-12
4.958641896459301299e-12
2.510159363732790640e-12
4.834606976109991166e-12
1.499349480337681552e-12
4.567403601992591423e-12
6.124486255677745656e-13
4.191505501729358806e-12
-1.411700049850062772e-13
3.739188779166579067e-12
-7.586118561174182524e-13
3.239726547034795396e-12
-1.242403035200009942e-12
2.718845411425461738e-12
-1.599417415026026005e-12
2.198416928762236418e-12
-1.839833917403286841e-12
1.696352630507480031e-12
-1.976159421009433140e-12
1.226668855060445222e-12
-2.022343425200792845e-12
7.996871272552943639e-13
-1.993001968758627857e-12
4.223368473485050550e-13
-1.902760589912569796e-12
9.852925515549440442e-14
-1.765719472989533455e-12
-1.704253011771242829e-13
-1.595038433332443086e-12
-3.853811373349107946e-13
-1.402635056959080731e-12
-5.489224685442558458e-13
-1.198986090580880727e-12
-6.649465348063092861e-13
-9.930199902079131978e-13
-7.382771550340640227e-13
-7.920872699263279238e-13
-7.743176133678838274e-13
-6.019948187188430967e-13
-7.787484997499531874e-13
-4.270905336015267102e-13
-7.572732648324214575e-13
-2.703853154981615102e-13
-7.154118440418418127e-13
-1.337005560860419820e-13
-6.583407635242554199e-13
-1.783058861884626523e-14
-5.907766498740380408e-13
7.728892642305372993e-14
-5.168989963569562050e-13
1.524141501265652237e-13
-4.403073484303200309e-13
2.088336742898570943e-13
-3.640077130500885098e-13
2.482210488743797783e-13
-2.904229155008104787e-13
2.725023373698515684e-13
-2.214217713496304436e-13
2.837406127682489684e-13
-1.583622574167459620e-13
2.840382774637674340e-13
-1.021443063173643984e-13
2.754572364233983211e-13
-5.326837015248220587e-14
2.599562725675743391e-13
-1.189646348221311871e-14
2.393444574088873241e-13
2.208702857778461248e-14
2.152490658298936904e-13
4.901692912960506910e-14
1.890962334550515858e-13
6.939285837280899758e-14
1.621024806452771575e-13
8.382997474665618983e-14
1.352752077321728214e-13
9.301558491175289210e-14
1.094203239458624521e-13
9.767197571416328083e-14
8.515528755716282364e-14
9.852551984902296230e-14
6.292599161925819512e-14
9.628186679604685957e-14
4.302611285231173954e-14
9.160684783736057234e-14
2.561773786381684592e-14
8.511259377344894537e-14
1.075228093866306485e-14
7.734827958521246820e-14
-1.609097939468775182e-15
6.879486606607067033e-14
-1.157618265664027514e-14
5.986319632263564308e-14
-1.931193984394324393e-14
5.089481989695271687e-14
-2.501660025117642692e-14
4.216495158972958506e-14
-2.891374908001387161e-14
3.388702091942379824e-14
-3.123848537273229956e-14
2.621832677653768552e-14
-3.222762485318957485e-14
1.926637506131244584e-14
-3.211185404801654554e-14
1.309554265464289619e-14
-3.110969469035640972e-14
7.733774927547143651e-15
-2.942310417048173885e-14
3.179085142740707337e-15
-2.723451757978708199e-14
-5.943200039904297771e-16
-2.470512873725917477e-14
-3.630414166478019060e-15
-2.197420755918937897e-14
-5.986306052721206421e-15
-1.915925903455839786e-14
-7.727819283591838658e-15
-1.635684166103628225e-14
-8.925711186472722277e-15
-1.364387980470377680e-14
-9.652519353375047734e-15
-1.107932295498051967e-14
-9.980006393689236698e-15
-8.706024849847733405e-15
-9.977159147056811190e-15
-6.552735113092160558e-15
-9.708689944752107169e-15
-4.636115398481706361e-15
-9.233981617144224049e-15
-2.962710239391894277e-15
-8.606416084829370812e-15
-1.530819103443777073e-15
-7.873026522032698812e-15
-3.322311753301225730e-16
-7.074415624730513563e-15
6.462029244888059007e-16
-6.244885760947451498e-15
1.421177480091524837e-15
-5.412732196441473203e-15
2.011721709039814250e-15
-4.600655442865972029e-15
2.438172409899889899e-15
-3.826254595877129079e-15
2.721322040967921523e-15
-3.102569120883396818e-15
2.881731365906334265e-15
-2.438642265755215306e-15
2.939192588452349437e-15
-1.840084145131100555e-15
2.912327384955741956e-15
-1.309617423118391455e-15
2.818303332130702512e-15
-8.475928944520661932e-16
2.672651881412551898e-15
-4.524657213247104677e-16
2.489171930791422952e-15
-1.212266457417686823e-16
2.279903367718249034e-15
1.502152351832377682e-16
2.055156603045697954e-15
3.666990950725290431e-16
1.823585097403562358e-15
5.335274946961641790e-16
1.592289686768578564e-15
6.562282576116963282e-16
1.366944809263012225e-15
7.403598565380240526e-16
1.151938176384696098e-15
7.913566789337544106e-16
9.505170939097003958e-16
8.144102297474711413e-16
7.649356818433937452e-16
8.143818356614213105e-16
5.965986572938873263e-16
7.957426387215437233e-16
4.461982672431066072e-16
7.625368900685399131e-16
3.138418916252822764e-16
7.183644243459137063e-16
1.991688292353238482e-16
6.663786905706736464e-16
1.014552315348826666e-16
6.092973019011614411e-16
1.970677552208655478e-17
5.494218346347595966e-16
-4.726085521377395577e-17
4.886645436407479977e-16
-1.007532466725934945e-16
4.285797110773406403e-16
-1.421398051989463953e-16
3.703978439607572637e-16
-1.728065313110729950e-16
3.150610573361443630e-16
-1.941183461734712120e-16
2.632585701486234883e-16
-2.073896968032512852e-16
2.154612825690433945e-16
-2.138627438860694216e-16
1.719546766763293348e-16
-2.146918092037987572e-16
1.328695449764684869e-16
-2.109333796996639303e-16
9.821028972468085792e-17
-2.035405940351150799e-16
6.788034658004004347e-17
-1.933615491960175851e-16
4.170501018918753360e-17
-1.811404675540234979e-16
1.945122282812681906e-17
-1.675212639989526469e-16
8.449163988619302795e-19
-1.530527907857108679e-16
-1.441447473845410798e-17
-1.381953555252620531e-16
-2.664171421019607257e-17
-1.233279527109669929e-16
-3.615572506875017494e-17
-1.087560541928341065e-16
-4.327157916866694449e-17
-9.471942099206062241e-17
-4.829416551266244146e-17
-8.139993997945975052e-17
-5.151344171791431963e-17
-6.892920526365571770e-17
-5.320103797435820166e-17
-5.739563467146280580e-17
-5.360791010064531880e-17
-4.685115855003830561e-17
-5.296310621784919438e-17
-3.731742558603061939e-17
-5.147306237932466074e-17
-2.879131803231345823e-17
-4.932180264501852048e-17
-2.124993048224340452e-17
-4.667138344547954940e-17
-1.465504346920775188e-17
-4.366290254833535509e-17
-8.956895151723805582e-18
-4.041764839344177670e-17
-4.097535944413091292e-18
-3.703854591735192239e-17
-1.363943281917515790e-20
-3.361158861621400033e-17
3.361170302240129980e-18
-3.020750925350704543e-17
6.094335260660227283e-18
-2.688322374257422190e-17
8.252820365918229950e-18
-2.368349939866610650e-17
9.901869747323199464e-18
-2.064235257044552200e-17
1.110401701841322589e-17
-1.778452024922723153e-17
1.191842451474236285e-17
-1.512673514850514352e-17
1.240038621003127145e-17
-1.267897681462879812e-17
1.260095972419221077e-17
-1.044556760234090873e-17
1.256684645968840006e-17
-8.426179431131021522e-18
1.234034184145029487e-17
-6.616703798294162171e-18
1.195935253257208582e-17
-5.010096640528982231e-18
1.145755608016992130e-17
-3.597021621960383964e-18
1.086456182786044321e-17
-2.366484736765713364e-18
1.020613828703166248e-17
-1.306341319191466878e-18
9.504478500260875166e-18
-4.037290726039629180e-19
8.778472012483956215e-18
3.546062798432536702e-19
8.043986777621629897e-18
9.818833945315099764e-19
7.314118668644737812e-18
1.491191629172633395e-18
6.599532724312040397e-18
1.895197497089071870e-18
5.908668859456594777e-18
2.206041062842171627e-18
5.248064650813274057e-18
2.435198785346858226e-18
4.622572320468268690e-18
2.593416309446866627e-18
4.035560522692109669e-18
2.690662350595591358e-18
3.489150652638568731e-18
2.736088835090319117e-18
2.984438130083213365e-18
2.738029633451915800e-18
2.521628173366139148e-18
2.704016328555253294e-18
2.100205578212696257e-18
2.640776173527072235e-18
1.719087746146811773e-18
2.554285703389433100e-18
1.376733717235481834e-18
2.449805735139384861e-18
1.071269100210661277e-18
2.331912012205720659e-18
8.005721768011515880e-19
2.204554360787472414e-18
5.623659772745357038e-19
2.071116078836952719e-18
3.542709098036517020e-19
1.934426621649930170e-18
1.738839630102447529e-19
1.796860427330609570e-18
1.881561889980229770e-20
1.660364617648629660e-18
-1.133010481517078678e-19
1.526483490340012924e-18
-2.246962721720935598e-19
1.396454562531101244e-18
-3.175376282577617028e-19
1.271225111119632692e-18
-3.938550176319174267e-19
1.151465475519201998e-18
-4.555226764662410385e-19
1.037649481586785728e-18
-5.043170785237667343e-19
9.300833024713021431e-19
-5.418393352776674683e-19
8.289164252190760612e-19
-5.695505578824415948e-19
7.341620071717259034e-19
-5.887859709431145540e-19
6.457596124457470143e-19
-6.007171982491852829e-19
5.635480959180564071e-19
-6.064214874521392463e-19
4.873326048556095593e-19
-6.068143723937077922e-19
4.168793831871778137e-19
-6.027348468595669711e-19
3.519094642511776617e-19
-5.948961990316789157e-19
2.921279840086280912e-19
-5.839365987526282870e-19
2.372567512797698622e-19
-5.703972030887837609e-19
1.869930179604085664e-19
-5.547442446375926088e-19
1.410533712931682228e-19
-5.373892974525882465e-19
9.915052111155150789e-20
-5.186616440410521349e-19
6.103248752145945571e-20
-4.988617577604941611e-19
2.643224628140229197e-20
-4.782404552822768885e-19
-4.871938711572479312e-21
-4.570086418132071970e-19
-3.310035599434538631e-20
-4.353548006340542374e-19
-5.846135168370322287e-20
-4.134360952534095179e-19
-8.112330873308881469e-20
-3.913731139027403517e-19
-1.012743590330696910e-19
-3.692968136517393746e-19
-1.190609652508560223e-19
-3.473023913566840761e-19
-1.346414807749634287e-19
-3.254904657842732893e-19
-1.481400860948514337e-19
-3.039266039227489129e-19
-1.596783767605653322e-19
-2.826949455500440751e-19
-1.693776381294207118e-19
-2.618514158303856032e-19
-1.773567774144720705e-19
-2.414714949946689610e-19
-1.837090333803906197e-19
-2.216014276090146913e-19
-1.885385015373873295e-19
-2.022983925332655220e-19
-1.919327596328162517e-19
-1.836074452614114510e-19
-1.940001941763159752e-19
-1.655736929862307604e-19
-1.948150704772572766e-19
-1.482364526362138614e-19
-1.944812514013038454e-19
-1.316394872356436376e-19
-1.930661004695904687e-19
-1.158134024671845511e-19
-1.906759620896184953e-19
-1.007883387244065027e-19
-1.873933216780959472e-19
-8.657825468014632482e-20
-1.832875719335977809e-19
-7.321535867950530099e-20
-1.784518094491274254e-19
-6.071815888868930519e-20
-1.729730174359736601e-19
-4.909895961931006370e-20
-1.669173574184436559e-19
-3.835124682404372143e-20
-1.603672114156688659e-19
-2.849647550002837253e-20
-1.533977559281635823e-19
-1.950709019310834427e-20
-1.460884261441270378e-19
-1.141095655016901677e-20
-1.385038584736120089e-19
-4.167542721195291683e-21
-1.307170180822432721e-19
2.212966632520771851e-21
-1.227905416870986281e-19
7.776428336187582300e-21
-1.147860118346510128e-19
1.252594431710221352e-20
-1.067718336958397908e-19
1.648715717425380936e-20
-9.879181553138759455e-20
1.969754852914867889e-20
-9.089527152296936284e-20
2.219273884691488687e-20
-8.313792003965878474e-20
2.398746228221353411e-20
-7.554926170252073972e-20
2.513496858697772175e-20
-6.819666003269001497e-20
2.567609980395225554e-20
-6.108308771049297295e-20
2.563949706184678407e-20
-5.425811094919743959e-20
2.507194776405883795e-20
-4.774346908927707416e-20
2.400612554478426179e-20
-4.155708868556954931e-20
2.249724470991097019e-20
-3.572877408952091631e-20
2.056807857567831367e-20
-3.026958884182407191e-20
1.827846848952567535e-20
-2.518485791767232623e-20
1.565989901351835484e-20
-2.049236570023556936e-20
1.275104084129320617e-20
-1.619673923106526980e-20
9.596975316234369366e-21
-1.228952575827690129e-20
6.231952885580368220e-21
-8.782641852570055902e-21
2.690766833846714462e-21
-5.662723377173173769e-21
-9.862060853163472454e-22
-2.932432819682909954e-21
-4.773142327160677069e-21
-5.855663255051167475e-22
-8.635610498688755233e-21
1.388267561805403260e-21
-1.253866221902021632e-20
3.027610288914792701e-21
-1.646487499650316218e-20
4.300305209510052625e-21
-2.037831817327982067e-20
5.247788902401261262e-21
-2.426660988955603867e-20
5.885234961949938214e-21
-2.809256579185814334e-20
6.214556243322612357e-21
-3.185905516293592801e-20
6.259792683071606058e-21
-3.552460264988810103e-20
6.041727194087314137e-21
-3.909219385773809596e-20
5.567028920058445380e-21
-4.253198566094864813e-20
4.879848626180017639e-21
-4.584227199950636690e-20
3.962298531705571691e-21
-4.900967581194262127e-20
2.838883862281990980e-21
-5.201718819691178963e-20
1.556133527365383313e-21
-5.487428295736701836e-20
1.055689256770801570e-22
-5.756823572904176909e-20
-1.493009306869930389e-21
-6.008759523033101085e-20
-3.221558293164335408e-21
-6.243976408148223968e-20
-5.054125241487283658e-21
-6.461648663224126422e-20
-6.989159188190238210e-21
-6.663181041273728091e-20
-9.010064822233853949e-21
-6.845307956023291798e-20
-1.109978154348422468e-20
-7.011767391424504927e-20
-1.323887060754635424e-20
-7.159944196583735472e-20
-1.542950336352819435e-20
-7.292327991274311981e-20
-1.764738138093599980e-20
-7.407916142120940686e-20
-1.988692119063503767e-20
-7.508150399081907371e-20
-2.214047137195919244e-20
-7.591347320363695915e-20
-2.439086792719798879e-20
-7.661640224089657227e-20
-2.663444024238322267e-20
-7.716174690911629804e-20
-2.885785003013747649e-20
-7.756709125866142389e-20
-3.105840895346995293e-20
-7.785103392861732178e-20
-3.323017165172792709e-20
-7.799875029144339292e-20
-3.535933454843942033e-20
-7.803465509990702278e-20
-3.745360076305883271e-20
-7.795514236352536299e-20
-3.950195845368155205e-20
-7.776085831715197062e-20
-4.148972516443476212e-20
-7.747688979780193045e-20
-4.344228500036618394e-20
-7.708964002415640208e-20
-4.532153595451009369e-20
-7.662243807442879514e-20
-4.715399950525647281e-20
-7.607158748525676327e-20
-4.891548061968814525e-20
-7.543980244302524610e-20
-5.060716836993565597e-20
-7.474468638514513775e-20
-5.223518906241072584e-20
-7.399192617832774029e-20
-5.380809884657445025e-20
-7.317071677582157978e-20
-5.530134079799166118e-20
-7.230657152964508868e-20
-5.673755898593099776e-20
-7.138659159212126822e-20
-5.810008055117068803e-20
-7.043471350222587162e-20
-5.939978808864463277e-20
-6.944486265233546260e-20
-6.063657820077626283e-20
-6.841765942790945592e-20
-6.180463477388356476e-20
-6.736160827962066240e-20
-6.290705973526361239e-20
-6.628880672392767007e-20
-6.394325854885113325e-20
-6.519555829746813258e-20
-6.493036936296246037e-20
-6.407772709717928481e-20
-6.584590320469380831e-20
-6.295475186745612289e-20
-6.670707577054393697e-20
-6.182583127708023609e-20
-6.750695942288271473e-20
-6.069075853089848615e-20
-6.825710884089174170e-20
-5.956020942869163557e-20
-6.894992430269318694e-20
-5.842038039398770572e-20
-6.959305722895316596e-20
-5.727274484225280667e-20
-7.019315091396624526e-20
-5.614568540825516418e-20
-7.073288626365709581e-20
-5.502529511794623047e-20
-7.123283939576297420e-20
-5.390534426733771557e-20
-7.168825402176170050e-20
-5.279803377046477661e-20
-7.209744993103402637e-20
-5.170868860252072373e-20
-7.248139098222934263e-20
-5.063350890256664144e-20
-7.281433117878193626e-20
-4.956978048421759014e-20
-7.311467528932111216e-20
-4.852166509993047723e-20
-7.338208727172302063e-20
-4.748660365968521678e-20
-7.361284481323117307e-20
-4.648119147452115393e-20
-7.382046714698198302e-20
-4.548260352941065355e-20
-7.400022383384741285e-20
-4.451529335121231453e-20
-7.414087038737556983e-20
-4.356375130344076760e-20
-7.427164247234137505e-20
-4.263056232551024097e-20
-7.437855556651385388e-20
-4.171704473652199103e-20
-7.445879208593149756e-20
-4.082937654167602321e-20
-7.450622572418258524e-20
-3.996572243398823547e-20
-7.454861873057592791e-20
-3.912409201010967209e-20
-7.456759218587636299e-20
-3.830231392093238138e-20
-7.457064241438515228e-20
-3.751106396623712585e-20
-7.456924654710146904e-20
-3.672340707732764753e-20
-7.454828268845207825e-20
-3.597274067143577491e-20
-7.450893991056752487e-20
-3.523972940174308098e-20
-7.446708974145117012e-20
-3.453763400744455646e-20
-7.440427571368542458e-20
-3.385407262874604821e-20
-7.434254736047365489e-20
-3.317211391248436146e-20
-7.427164247234137505e-20
-3.254045811722355570e-20
-7.418668843849276488e-20
-3.191650544141715001e-20
-7.411310813806675884e-20
-3.130961336574465052e-20
-7.400924527240306930e-20
-3.073430924971401977e-20
-7.391433922180968052e-20
-3.017306720409679050e-20
-7.381931684894265147e-20
-2.963384884228878558e-20
-7.370950862262623704e-20
-2.911510320064146810e-20
-7.360753276273493410e-20
-2.861419364095232528e-20
-7.349740141899174115e-20
-2.814254559543224581e-20
-7.339198758967951468e-20
-2.767337909174982543e-20
-7.327658296953129618e-20
-2.723047557251596367e-20
-7.316691691488266431e-20
-2.680044505156495841e-20
-7.305802634205830090e-20
-2.639455786474284464e-20
-7.294410806207326362e-20
-2.600335313379354712e-20
-7.283274887210831227e-20
-2.562812332842417994e-20
-7.272809759992328313e-20
-2.527238396623809347e-20
-7.261835399709222441e-20
-2.492258996470473189e-20
-7.252315067846619938e-20
-2.460283295916470213e-20
-7.242136868903096355e-20
-2.428948660337195834e-20
-7.232067237414970358e-20
-2.399170158285286837e-20
-7.222015700502743957e-20
-2.371128735519739199e-20
-7.212518633094869508e-20
-2.344312574036535733e-20
-7.203943096588167417e-20
-2.318763032866304091e-20
-7.194249573784811624e-20
-2.295084987831973674e-20
-7.185870492673590876e-20
-2.271701625890865273e-20
-7.177765415140278319e-20
-2.249331560200134331e-20
-7.170048078519099994e-20
-2.229727379682627575e-20
-7.162647396976164624e-20
-2.210505770198426594e-20
-7.155821864452895032e-20
-2.191801148597071256e-20
-7.148364314242846642e-20
-2.175040401435215533e-20
-7.142952743579159881e-20
-2.159339479433193376e-20
-7.135250916594466925e-20
-2.144744911500460894e-20
-7.129937573628520836e-20
-2.130584613389318751e-20
-7.124893064361654481e-20
-2.117985618684370449e-20
-7.119559041880394567e-20
-2.105148809553313150e-20
-7.114368483536624318e-20
-2.093387335218574788e-20
-7.110170541927917703e-20
-2.083409469079653892e-20
-7.105472414542557928e-20
-2.073953760702407094e-20
-7.101849621953517090e-20
-2.064968511298549831e-20
-7.097668482451002958e-20
-2.056810442507245596e-20
-7.095190818022465217e-20
-2.049851785604143250e-20
-7.092448197303969085e-20
-2.042717352820873387e-20
-7.090130799119113493e-20
-2.036715123501035480e-20
-7.086718679092332254e-20
-2.031731360310403488e-20
-7.084973844987728211e-20
-2.026540801966633239e-20
-7.082925280501952354e-20
-2.022270482054328234e-20
-7.081490639127055696e-20
-2.017674459775830474e-20
-7.079108617456844399e-20
-2.014768987874237964e-20
-7.078215520889228552e-20
-2.011941064155072301e-20
-7.077150525850566529e-20
-2.009464692196241674e-20
-7.076558574724708269e-20
-2.007557006908541254e-20
-7.075467730291903964e-20
-2.005747549318581506e-20
-7.075222161047552284e-20
-2.003994960395734779e-20
-7.073750038051149317e-20
-2.003322876148035444e-20
-7.074295460267551470e-20
-2.002092444986862815e-20
-7.074122269326798180e-20
-2.001730553468870865e-20
-7.073954248264873346e-20
-2.001327302920251264e-20
-7.073619498610730792e-20
-2.000867183704518643e-20
-7.073707386550814552e-20
-2.000040003091965615e-20
-7.073481204352069583e-20
-2.000060682607279441e-20
-7.073000405621023136e-20
-2.000784465643263340e-20
