2.000000006560023621e+03
2.000000052479878150e+03
2.000000177117844487e+03
2.000000419829101020e+03
2.000000819964174980e+03
2.000001416867390844e+03
2.000002249875320558e+03
2.000003358315233527e+03
2.000004781503547520e+03
2.000006558744279118e+03
2.000008729327495985e+03
2.000011332527767536e+03
2.000014407602619031e+03
2.000017993790983610e+03
2.000022130311657065e+03
2.000026856361752380e+03
2.000032211115155405e+03
2.000038233720981225e+03
2.000044963302032329e+03
2.000052438953256342e+03
2.000060699740206474e+03
2.000069784697501746e+03
2.000079732827289490e+03
2.000090583097708532e+03
2.000102374441353504e+03
2.000115145753741899e+03
2.000128935891780429e+03
2.000143783672234804e+03
2.000159727870200413e+03
2.000176807217574151e+03
2.000195060401528735e+03
2.000214526062988170e+03
2.000235242795105933e+03
2.000257249141743841e+03
2.000280583595953431e+03
2.000305284598459593e+03
2.000331390536145818e+03
2.000358939740542610e+03
2.000387970486315908e+03
2.000418520989759600e+03
2.000450629407290535e+03
2.000484333833944447e+03
2.000519672301874834e+03
2.000556682778855020e+03
2.000595403166782489e+03
2.000635871300184590e+03
2.000678124944728779e+03
2.000722201795734463e+03
2.000768139476687566e+03
2.000815975537758050e+03
2.000865747454321308e+03
2.000917492625480691e+03
2.000971248372594800e+03
2.001027051937805936e+03
2.001084940482573984e+03
2.001144951086212131e+03
2.001207120744425083e+03
2.001271486367851821e+03
2.001338084780612007e+03
2.001406952718854427e+03
2.001478126829309758e+03
2.001551643667846747e+03
2.001627539698032251e+03
2.001705851289694010e+03
2.001786614717487737e+03
2.001869866159468529e+03
2.001955641695665236e+03
2.002043977306658235e+03
2.002134908872162669e+03
2.002228472169614633e+03
2.002324702872761236e+03
2.002423636550255424e+03
2.002525308664254226e+03
2.002629754569021770e+03
2.002737009509536847e+03
2.002847108620102972e+03
2.002960086922965957e+03
2.003075979326931702e+03
2.003194820625993543e+03
2.003316645497958916e+03
2.003441488503084656e+03
2.003569384082714578e+03
2.003700366557922735e+03
2.003834470128161684e+03
2.003971728869913477e+03
2.004112176735349522e+03
2.004255847550990438e+03
2.004402775016374790e+03
2.004552992702730762e+03
2.004706534051653989e+03
2.004863432373789465e+03
2.005023720847519144e+03
2.005187432517654770e+03
2.005354600294136617e+03
2.005525256950735638e+03
2.005699435123762896e+03
2.005877167310784216e+03
2.006058485869338710e+03
2.006243423015664348e+03
2.006432010823429209e+03
2.006624281222466834e+03
2.006820265997519073e+03
2.007019996786983029e+03
2.007223505081665280e+03
2.007430822223540645e+03
2.007641979404517315e+03
2.007857007665208130e+03
2.008075937893707533e+03
2.008298800824374666e+03
2.008525627036622382e+03
2.008756446953712384e+03
2.008991290841556292e+03
2.009230188807523973e+03
2.009473170799256422e+03
2.009720266603486834e+03
2.009971505844865760e+03
2.010226917984794909e+03
2.010486532320266633e+03
2.010750377982707960e+03
2.011018483936834855e+03
2.011290878979510126e+03
2.011567591738608144e+03
2.011848650671888208e+03
2.012134084065872685e+03
2.012423920034732646e+03
2.012718186519179653e+03
2.013016911285366177e+03
2.013320121923790111e+03
2.013627845848209063e+03
2.013940110294558963e+03
2.014256942319882228e+03
2.014578368801261149e+03
2.014904416434758787e+03
2.015235111734367365e+03
2.015570481030963492e+03
2.015910550471271335e+03
2.016255346016831481e+03
2.016604893442978891e+03
2.016959218337826769e+03
2.017318346101259067e+03
2.017682301943929133e+03
2.018051110886266542e+03
2.018424797757491433e+03
2.018803387194636343e+03
2.019186903641575555e+03
2.019575371348061708e+03
2.019968814368770381e+03
2.020367256562352850e+03
2.020770721590495441e+03
2.021179232916987530e+03
2.021592813806797494e+03
2.022011487325155485e+03
2.022435276336644620e+03
2.022864203504301031e+03
2.023298291288719611e+03
2.023737561947170207e+03
2.024182037532720415e+03
2.024631739893366102e+03
2.025086690671171482e+03
2.025546911301415776e+03
2.026012423011749206e+03
2.026483246821356033e+03
2.026959403540126914e+03
2.027440913767838538e+03
2.027927797893342813e+03
2.028420076093762418e+03
2.028917768333697040e+03
2.029420894364435981e+03
2.029929473723179626e+03
2.030443525732271155e+03
2.030963069498433697e+03
2.031488123912018636e+03
2.032018707646260282e+03
2.032554839156541220e+03
2.033096536679664496e+03
2.033643818233135562e+03
2.034196701614451968e+03
2.034755204400402363e+03
2.035319343946373692e+03
2.035889137385668164e+03
2.036464601628827268e+03
2.037045753362966252e+03
2.037632609051116106e+03
2.038225184931575086e+03
2.038823497017269574e+03
2.039427561095122201e+03
2.040037392725429982e+03
2.040653007241251998e+03
2.041274419747805041e+03
2.041901645121867659e+03
2.042534698011194678e+03
2.043173592833940575e+03
2.043818343778090366e+03
2.044468964800901404e+03
2.045125469628352903e+03
2.045787871754605476e+03
2.046456184441469532e+03
2.047130420717882771e+03
2.047810593379396323e+03
2.048496714987671112e+03
2.049188797869983318e+03
2.049886854118737574e+03
2.050590895590991749e+03
2.051300933907988565e+03
2.052016980454698569e+03
2.052739046379371757e+03
2.053467142593097378e+03
2.054201279769375105e+03
2.054941468343693941e+03
2.055687718513120217e+03
2.056440040235898778e+03
2.057198443231056444e+03
2.057962936978022299e+03
2.058733530716252972e+03
2.059510233444869300e+03
2.060293053922300260e+03
2.061082000665939631e+03
2.061877081951809487e+03
2.062678305814234591e+03
2.063485680045524987e+03
2.064299212195669952e+03
2.065118909572039684e+03
2.065944779239098807e+03
2.066776828018126253e+03
2.067615062486947409e+03
2.068459488979675825e+03
2.069310113586461284e+03
2.070166942153251966e+03
2.071029980281563894e+03
2.071899233328259015e+03
2.072774706405335564e+03
2.073656404379725245e+03
2.074544331873103147e+03
2.075438493261704025e+03
2.076338892676150863e+03
2.077245534001291617e+03
2.078158420876046875e+03
2.079077556693265706e+03
2.080002944599592411e+03
2.080934587495342384e+03
2.081872488034387061e+03
2.082816648624052050e+03
2.083767071425018912e+03
2.084723758351241486e+03
2.085686711069871308e+03
2.086655931001190766e+03
2.087631419318557164e+03
2.088613176948358159e+03
2.089601204569971742e+03
2.090595502615744408e+03
2.091596071270968423e+03
2.092602910473880002e+03
2.093616019915657944e+03
2.094635399040437278e+03
2.095661047045331543e+03
2.096692962880462346e+03
2.097731145249004385e+03
2.098775592607232284e+03
2.099826303164585170e+03
2.100883274883734884e+03
2.101946505480666474e+03
2.103015992424769593e+03
2.104091732938936730e+03
2.105173723999672802e+03
2.106261962337215664e+03
2.107356444435662979e+03
2.108457166533111831e+03
2.109564124621806968e+03
2.110677314448298603e+03
2.111796731513609757e+03
2.112922371073413615e+03
2.114054228138220878e+03
2.115192297473574854e+03
2.116336573600260635e+03
2.117487050794517472e+03
2.118643723088267052e+03
2.119806584269346786e+03
2.120975627881755827e+03
2.122150847225908819e+03
2.123332235358899652e+03
2.124519785094775671e+03
2.125713489004820985e+03
2.126913339417847510e+03
2.128119328420499187e+03
2.129331447857562125e+03
2.130549689332287016e+03
2.131774044206720646e+03
2.133004503602043769e+03
2.134241058398923087e+03
2.135483699237869587e+03
2.136732416519607796e+03
2.137987200405453223e+03
2.139248040817701167e+03
2.140514927440023257e+03
2.141787849717872632e+03
2.143066796858901853e+03
2.144351757833387182e+03
2.145642721374662869e+03
2.146939675979564981e+03
2.148242609908886607e+03
2.149551511187836240e+03
2.150866367606513904e+03
2.152187166720389996e+03
2.153513895850795961e+03
2.154846542085423607e+03
2.156185092278833963e+03
2.157529533052976149e+03
2.158879850797712606e+03
2.160236031671357523e+03
2.161598061601219797e+03
2.162965926284159650e+03
2.164339611187151149e+03
2.165719101547853825e+03
2.167104382375197019e+03
2.168495438449968333e+03
2.169892254325412523e+03
2.171294814327842687e+03
2.172703102557256898e+03
2.174117102887962574e+03
2.175536798969214942e+03
2.176962174225859144e+03
2.178393211858984159e+03
2.179829894846584466e+03
2.181272205944230336e+03
2.182720127685747684e+03
2.184173642383906554e+03
2.185632732131117336e+03
2.187097378800136539e+03
2.188567564044781193e+03
2.190043269300650991e+03
2.191524475785860432e+03
2.193011164501779149e+03
2.194503316233779515e+03
2.196000911551993795e+03
2.197503930812079943e+03
2.199012354155996036e+03
2.200526161512781982e+03
2.202045332599351241e+03
2.203569846921287535e+03
2.205099683773656125e+03
2.206634822241815982e+03
2.208175241202245616e+03
2.209720919323376165e+03
2.211271835066429048e+03
2.212827966686267246e+03
2.214389292232251137e+03
2.215955789549102974e+03
2.217527436277779998e+03
2.219104209856355737e+03
2.220686087520908131e+03
2.222273046306417655e+03
2.223865063047671356e+03
2.225462114380175080e+03
2.227064176741074334e+03
2.228671226370084241e+03
2.230283239310422687e+03
2.231900191409756644e+03
2.233522058321153054e+03
2.235148815504037429e+03
2.236780438225162015e+03
2.238416901559578491e+03
2.240058180391622500e+03
2.241704249415899994e+03
2.243355083138287682e+03
2.245010655876933924e+03
2.246670941763274641e+03
2.248335914743048761e+03
2.250005548577326408e+03
2.251679816843542994e+03
2.253358692936540137e+03
2.255042150069613399e+03
2.256730161275567298e+03
2.258422699407778964e+03
2.260119737141267251e+03
2.261821246973768211e+03
2.263527201226821489e+03
2.265237572046857622e+03
2.266952331406296253e+03
2.268671451104652988e+03
2.270394902769647160e+03
2.272122657858320508e+03
2.273854687658164039e+03
2.275590963288244893e+03
2.277331455700350034e+03
2.279076135680124480e+03
2.280824973848227273e+03
2.282577940661486991e+03
2.284335006414064537e+03
2.286096141238626842e+03
2.287861315107520113e+03
2.289630497833954450e+03
2.291403659073194376e+03
2.293180768323752091e+03
2.294961794928590734e+03
2.296746708076331743e+03
2.298535476802469020e+03
2.300328069990589029e+03
2.302124456373595422e+03
2.303924604534943683e+03
2.305728482909876220e+03
2.307536059786667465e+03
2.309347303307872608e+03
2.311162181471583608e+03
2.312980662132688394e+03
2.314802713004140060e+03
2.316628301658226519e+03
2.318457395527848348e+03
2.320289961907803900e+03
2.322125967956075783e+03
2.323965380695125077e+03
2.325808167013192815e+03
2.327654293665601017e+03
2.329503727276065092e+03
2.331356434338008512e+03
2.333212381215882033e+03
2.335071534146489739e+03
2.336933859240318270e+03
2.338799322482874686e+03
2.340667889736021607e+03
2.342539526739328721e+03
2.344414199111417474e+03
2.346291872351316670e+03
2.348172511839824438e+03
2.350056082840869294e+03
2.351942550502879840e+03
2.353831879860157642e+03
2.355724035834256028e+03
2.357618983235360247e+03
2.359516686763674898e+03
2.361417111010815006e+03
2.363320220461200734e+03
2.365225979493456180e+03
2.367134352381814551e+03
2.369045303297523333e+03
2.370958796310258094e+03
2.372874795389536303e+03
2.374793264406138405e+03
2.376714167133530736e+03
2.378637467249292058e+03
2.380563128336546470e+03
2.382491113885395862e+03
2.384421387294360102e+03
2.386353911871819491e+03
2.388288650837458135e+03
2.390225567323715040e+03
2.392164624377237033e+03
2.394105784960331675e+03
2.396049011952430646e+03
2.397994268151549477e+03
2.399941516275753202e+03
2.401890718964627922e+03
2.403841838780749185e+03
2.405794838211160368e+03
2.407749679668847421e+03
2.409706325494222710e+03
2.411664737956607041e+03
2.413624879255716678e+03
2.415586711523152644e+03
2.417550196823893202e+03
2.419515297157787245e+03
2.421481974461053142e+03
2.423450190607776221e+03
2.425419907411413533e+03
2.427391086626296783e+03
2.429363689949138461e+03
2.431337679020543874e+03
2.433313015426518632e+03
2.435289660699985689e+03
2.437267576322297828e+03
2.439246723724758340e+03
2.441227064290138060e+03
2.443208559354197860e+03
2.445191170207212508e+03
2.447174858095495438e+03
2.449159584222924423e+03
2.451145309752471803e+03
2.453131995807734711e+03
2.455119603474465293e+03
2.457108093802104577e+03
2.459097427805318148e+03
2.461087566465529562e+03
2.463078470732461483e+03
2.465070101525670452e+03
2.467062419736088941e+03
2.469055386227565577e+03
2.471048961838406740e+03
2.473043107382920425e+03
2.475037783652958751e+03
2.477032951419464098e+03
2.479028571434013884e+03
2.481024604430367617e+03
2.483021011126013491e+03
2.485017752223715434e+03
2.487014788413062888e+03
2.489012080372018772e+03
2.491009588768467893e+03
2.493007274261769453e+03
2.495005097504302739e+03
2.497003019143021902e+03
2.499000999821003006e+03
2.500999000178996994e+03
2.502996980856978098e+03
2.504994902495697261e+03
2.506992725738230547e+03
2.508990411231531652e+03
2.510987919627981228e+03
2.512985211586937112e+03
2.514982247776284566e+03
2.516978988873986509e+03
2.518975395569632383e+03
2.520971428565986116e+03
2.522967048580535902e+03
2.524962216347041249e+03
2.526956892617079575e+03
2.528951038161593260e+03
2.530944613772434423e+03
2.532937580263911059e+03
2.534929898474329093e+03
2.536921529267538517e+03
2.538912433534470438e+03
2.540902572194681852e+03
2.542891906197894968e+03
2.544880396525534707e+03
2.546868004192265289e+03
2.548854690247528197e+03
2.550840415777075577e+03
2.552825141904504562e+03
2.554808829792787492e+03
2.556791440645802140e+03
2.558772935709861940e+03
2.560753276275241660e+03
2.562732423677702172e+03
2.564710339300014311e+03
2.566686984573481368e+03
2.568662320979456126e+03
2.570636310050861539e+03
2.572608913373703217e+03
2.574580092588586467e+03
2.576549809392223779e+03
2.578518025538946858e+03
2.580484702842212755e+03
2.582449803176106798e+03
2.584413288476846901e+03
2.586375120744283322e+03
2.588335262043392959e+03
2.590293674505777290e+03
2.592250320331152579e+03
2.594205161788840087e+03
2.596158161219250360e+03
2.598109281035372078e+03
2.600058483724246798e+03
2.602005731848450523e+03
2.603950988047568899e+03
2.605894215039668325e+03
2.607835375622762967e+03
2.609774432676284505e+03
2.611711349162541865e+03
2.613646088128180509e+03
2.615578612705639898e+03
2.617508886114604138e+03
2.619436871663453530e+03
2.621362532750707942e+03
2.623285832866469718e+03
2.625206735593861595e+03
2.627125204610463697e+03
2.629041203689741906e+03
2.630954696702476667e+03
2.632865647618185449e+03
2.634774020506543820e+03
2.636679779538799266e+03
2.638582888989184994e+03
2.640483313236325102e+03
2.642381016764639753e+03
2.644275964165743972e+03
2.646168120139841903e+03
2.648057449497120160e+03
2.649943917159130706e+03
2.651827488160175562e+03
2.653708127648683330e+03
2.655585800888582526e+03
2.657460473260671279e+03
2.659332110263977938e+03
2.661200677517125769e+03
2.663066140759681275e+03
2.664928465853510261e+03
2.666787618784117967e+03
2.668643565661991488e+03
2.670496272723934908e+03
2.672345706334398983e+03
2.674191832986807185e+03
2.676034619304874468e+03
2.677874032043924217e+03
2.679710038092196100e+03
2.681542604472151652e+03
2.683371698341773481e+03
2.685197286995859940e+03
2.687019337867311606e+03
2.688837818528416392e+03
2.690652696692127392e+03
2.692463940213332535e+03
2.694271517090123780e+03
2.696075395465056317e+03
2.697875543626404578e+03
2.699671930009410971e+03
2.701464523197530980e+03
2.703253291923668257e+03
2.705038205071409266e+03
2.706819231676247909e+03
2.708596340926805624e+03
2.710369502166045550e+03
2.712138684892479887e+03
2.713903858761373158e+03
2.715664993585935008e+03
2.717422059338513009e+03
2.719175026151772272e+03
2.720923864319875520e+03
2.722668544299649966e+03
2.724409036711755107e+03
2.726145312341835961e+03
2.727877342141679037e+03
2.729605097230352840e+03
2.731328548895347012e+03
2.733047668593703747e+03
2.734762427953142378e+03
2.736472798773178511e+03
2.738178753026231789e+03
2.739880262858732749e+03
2.741577300592221036e+03
2.743269838724432702e+03
2.744957849930386601e+03
2.746641307063459863e+03
2.748320183156457006e+03
2.749994451422673592e+03
2.751664085256951239e+03
2.753329058236725359e+03
2.754989344123066076e+03
2.756644916861712318e+03
2.758295750584100006e+03
2.759941819608377500e+03
2.761583098440421509e+03
2.763219561774837985e+03
2.764851184495962571e+03
2.766477941678846946e+03
2.768099808590243356e+03
2.769716760689577313e+03
2.771328773629915759e+03
2.772935823258925666e+03
2.774537885619824920e+03
2.776134936952328644e+03
2.777726953693581891e+03
2.779313912479091869e+03
2.780895790143644263e+03
2.782472563722220002e+03
2.784044210450897026e+03
2.785610707767748863e+03
2.787172033313732754e+03
2.788728164933570952e+03
2.790279080676623835e+03
2.791824758797754384e+03
2.793365177758184018e+03
2.794900316226343875e+03
2.796430153078712465e+03
2.797954667400648759e+03
2.799473838487218018e+03
2.800987645844003964e+03
2.802496069187920057e+03
2.803999088448006660e+03
2.805496683766220485e+03
2.806988835498220396e+03
2.808475524214139114e+03
2.809956730699349009e+03
2.811432435955218807e+03
2.812902621199863006e+03
2.814367267868882209e+03
2.815826357616093446e+03
2.817279872314252316e+03
2.818727794055769664e+03
2.820170105153415534e+03
2.821606788141015841e+03
2.823037825774140401e+03
2.824463201030785058e+03
2.825882897112037426e+03
2.827296897442743102e+03
2.828705185672157313e+03
2.830107745674587477e+03
2.831504561550031667e+03
2.832895617624802526e+03
2.834280898452146175e+03
2.835660388812848851e+03
2.837034073715840350e+03
2.838401938398780203e+03
2.839763968328642477e+03
2.841120149202287394e+03
2.842470466947023851e+03
2.843814907721166037e+03
2.845153457914576393e+03
2.846486104149204039e+03
2.847812833279610004e+03
2.849133632393486096e+03
2.850448488812163760e+03
2.851757390091113848e+03
2.853060324020435019e+03
2.854357278625337131e+03
2.855648242166612818e+03
2.856933203141098147e+03
2.858212150282127368e+03
2.859485072559976743e+03
2.860751959182298833e+03
2.862012799594546777e+03
2.863267583480392204e+03
2.864516300762130413e+03
2.865758941601076913e+03
2.866995496397956231e+03
2.868225955793279354e+03
2.869450310667712984e+03
2.870668552142437875e+03
2.871880671579500813e+03
2.873086660582152490e+03
2.874286510995179015e+03
2.875480214905223875e+03
2.876667764641100803e+03
2.877849152774091635e+03
2.879024372118244173e+03
2.880193415730653214e+03
2.881356276911732948e+03
2.882512949205482073e+03
2.883663426399739365e+03
2.884807702526424691e+03
2.885945771861779122e+03
2.887077628926586385e+03
2.888203268486390243e+03
2.889322685551701397e+03
2.890435875378193032e+03
2.891542833466888624e+03
2.892643555564337021e+03
2.893738037662784336e+03
2.894826276000327198e+03
2.895908267061063270e+03
2.896984007575229953e+03
2.898053494519333071e+03
2.899116725116265116e+03
2.900173696835414376e+03
2.901224407392767716e+03
2.902268854750995615e+03
2.903307037119537654e+03
2.904338952954668457e+03
2.905364600959562722e+03
2.906383980084342056e+03
2.907397089526119998e+03
2.908403928729031577e+03
2.909404497384255592e+03
2.910398795430028258e+03
2.911386823051641841e+03
2.912368580681442836e+03
2.913344068998809234e+03
2.914313288930128692e+03
2.915276241648758514e+03
2.916232928574981088e+03
2.917183351375947950e+03
2.918127511965612939e+03
2.919065412504657616e+03
2.919997055400407589e+03
2.920922443306733840e+03
2.921841579123953125e+03
2.922754465998708383e+03
2.923661107323849137e+03
2.924561506738295975e+03
2.925455668126896853e+03
2.926343595620274755e+03
2.927225293594664436e+03
2.928100766671740985e+03
2.928970019718436106e+03
2.929833057846748034e+03
2.930689886413539170e+03
2.931540511020324175e+03
2.932384937513052137e+03
2.933223171981873747e+03
2.934055220760901193e+03
2.934881090427960316e+03
2.935700787804330048e+03
2.936514319954475013e+03
2.937321694185765409e+03
2.938122918048190513e+03
2.938917999334060369e+03
2.939706946077699740e+03
2.940489766555130700e+03
2.941266469283747028e+03
2.942037063021977701e+03
2.942801556768943556e+03
2.943559959764101222e+03
2.944312281486879783e+03
2.945058531656306513e+03
2.945798720230624895e+03
2.946532857406902622e+03
2.947260953620628243e+03
2.947983019545301431e+03
2.948699066092011435e+03
2.949409104409008251e+03
2.950113145881262426e+03
2.950811202130016682e+03
2.951503285012328888e+03
2.952189406620603677e+03
2.952869579282117229e+03
2.953543815558530241e+03
2.954212128245394524e+03
2.954874530371647325e+03
2.955531035199098369e+03
2.956181656221909634e+03
2.956826407166059653e+03
2.957465301988805550e+03
2.958098354878132341e+03
2.958725580252194959e+03
2.959346992758748002e+03
2.959962607274570018e+03
2.960572438904877799e+03
2.961176502982730199e+03
2.961774815068424687e+03
2.962367390948883894e+03
2.962954246637033975e+03
2.963535398371172960e+03
2.964110862614331836e+03
2.964680656053626080e+03
2.965244795599597637e+03
2.965803298385548260e+03
2.966356181766864211e+03
2.966903463320335504e+03
2.967445160843458780e+03
2.967981292353739718e+03
2.968511876087981364e+03
2.969036930501566530e+03
2.969556474267728845e+03
2.970070526276820601e+03
2.970579105635564247e+03
2.971082231666302960e+03
2.971579923906237582e+03
2.972072202106657187e+03
2.972559086232161462e+03
2.973040596459873086e+03
2.973516753178643739e+03
2.973987576988251021e+03
2.974453088698583997e+03
2.974913309328828745e+03
2.975368260106633898e+03
2.975817962467279813e+03
2.976262438052829566e+03
2.976701708711280389e+03
2.977135796495699196e+03
2.977564723663355380e+03
2.977988512674844515e+03
2.978407186193202506e+03
2.978820767083012470e+03
2.979229278409504786e+03
2.979632743437647150e+03
2.980031185631229619e+03
2.980424628651938292e+03
2.980813096358424445e+03
2.981196612805363657e+03
2.981575202242508567e+03
2.981948889113733458e+03
2.982317698056071094e+03
2.982681653898740933e+03
2.983040781662173231e+03
2.983395106557021336e+03
2.983744653983168519e+03
2.984089449528728892e+03
2.984429518969036508e+03
2.984764888265632635e+03
2.985095583565241213e+03
2.985421631198738851e+03
2.985743057680118000e+03
2.986059889705441037e+03
2.986372154151791165e+03
2.986679878076209661e+03
2.986983088714633595e+03
2.987281813480820347e+03
2.987576079965267581e+03
2.987865915934127315e+03
2.988151349328111792e+03
2.988432408261392084e+03
2.988709121020489874e+03
2.988981516063165145e+03
2.989249622017292040e+03
2.989513467679733367e+03
2.989773082015205091e+03
2.990028494155134467e+03
2.990279733396513166e+03
2.990526829200743578e+03
2.990769811192476027e+03
2.991008709158443708e+03
2.991243553046287616e+03
2.991474372963377391e+03
2.991701199175625334e+03
2.991924062106292695e+03
2.992142992334791870e+03
2.992358020595482685e+03
2.992569177776459583e+03
2.992776494918334720e+03
2.992980003213016971e+03
2.993179734002480927e+03
2.993375718777533166e+03
2.993567989176571245e+03
2.993756576984335879e+03
2.993941514130661290e+03
2.994122832689216011e+03
2.994300564876237331e+03
2.994474743049264362e+03
2.994645399705863383e+03
2.994812567482345003e+03
2.994976279152480856e+03
2.995136567626210308e+03
2.995293465948346238e+03
2.995447007297269465e+03
2.995597224983624983e+03
2.995744152449009562e+03
2.995887823264650706e+03
2.996028271130086523e+03
2.996165529871838316e+03
2.996299633442077265e+03
2.996430615917285650e+03
2.996558511496915344e+03
2.996683354502040856e+03
2.996805179374006457e+03
2.996924020673068298e+03
2.997039913077034271e+03
2.997152891379897028e+03
2.997262990490463380e+03
2.997370245430978230e+03
2.997474691335745774e+03
2.997576363449744804e+03
2.997675297127238991e+03
2.997771527830385367e+03
2.997865091127837331e+03
2.997956022693341765e+03
2.998044358304334764e+03
2.998130133840531016e+03
2.998213385282512263e+03
2.998294148710306217e+03
2.998372460301967749e+03
2.998448356332153253e+03
2.998521873170690469e+03
2.998593047281145573e+03
2.998661915219387993e+03
2.998728513632147951e+03
2.998792879255574917e+03
2.998855048913787869e+03
2.998915059517426016e+03
2.998972948062194519e+03
2.999028751627405654e+03
2.999082507374519082e+03
2.999134252545678464e+03
2.999184024462242178e+03
2.999231860523312662e+03
2.999277798204265309e+03
2.999321875055271448e+03
2.999364128699815410e+03
2.999404596833217511e+03
2.999443317221144753e+03
2.999480327698125620e+03
2.999515666166055780e+03
2.999549370592709693e+03
2.999581479010240400e+03
2.999612029513684320e+03
2.999641060259457390e+03
2.999668609463853954e+03
2.999694715401540634e+03
2.999719416404046569e+03
2.999742750858256386e+03
2.999764757204893613e+03
2.999785473937011830e+03
2.999804939598471719e+03
2.999823192782425849e+03
2.999840272129799814e+03
2.999856216327765196e+03
2.999871064108219798e+03
2.999884854246258328e+03
2.999897625558646723e+03
2.999909416902291468e+03
2.999920267172710737e+03
2.999930215302498254e+03
2.999939300259793526e+03
2.999947561046743431e+03
2.999955036697967444e+03
2.999961766279018775e+03
2.999967788884844595e+03
2.999973143638247620e+03
2.999977869688342707e+03
2.999982006209016618e+03
2.999985592397380969e+03
2.999988667472232464e+03
2.999991270672504015e+03
2.999993441255720882e+03
2.999995218496452708e+03
2.999996641684766473e+03
2.999997750124679442e+03
2.999998583132609383e+03
2.999999180035824793e+03
2.999999580170899208e+03
2.999999822882155513e+03
2.999999947520121623e+03
2.999999993439976606e+03
