1.276998311770458083e-05
1.021005761626253561e-04
3.442561909353866745e-04
8.149099889164651556e-04
1.588851116505154981e-03
2.739695360341271035e-03
4.339600342127908350e-03
6.458986354810541952e-03
9.166263920144468447e-03
1.252756912167571346e-02
1.660650773708199912e-02
2.146390915977530733e-02
2.715759106179613247e-02
3.374213570847231503e-02
4.126867879023771168e-02
4.978471158858072121e-02
5.933389724150134326e-02
6.995590181931282681e-02
8.168624086432196840e-02
9.455614198809458859e-02
1.085924240578933220e-01
1.238173934396905040e-01
1.402487576991710005e-01
1.578995570946009064e-01
1.767781141266016043e-01
1.968880013400116646e-01
2.182280275024046645e-01
2.407922422127363737e-01
2.645699589222900716e-01
2.895457962788580142e-01
3.156997376342042805e-01
3.430072084845889879e-01
3.714391715447485365e-01
4.009622390875118847e-01
4.315388021144303532e-01
4.631271758576871456e-01
4.956817610503652105e-01
5.291532203411528634e-01
5.634886691709714013e-01
5.986318803730605875e-01
6.345235017049634108e-01
6.711012854708222619e-01
7.083003293456213711e-01
7.460533274696741213e-01
7.842908308419183072e-01
8.229415160046099631e-01
8.619324609799259296e-01
9.011894273909288877e-01
9.406371476754263883e-01
9.801996162815468372e-01
1.019800383718453052e+00
1.059362852324573723e+00
1.098810572609071112e+00
1.138067539020074070e+00
1.177058483995390148e+00
1.215709169158081693e+00
1.253946672530325657e+00
1.291699670654378407e+00
1.328898714529177516e+00
1.365476498295036478e+00
1.401368119626939412e+00
1.436511330829028488e+00
1.470846779658847137e+00
1.504318238949634789e+00
1.536872824142312854e+00
1.568461197885569591e+00
1.599037760912488171e+00
1.628560828455251519e+00
1.656992791515411012e+00
1.684300262365795442e+00
1.710454203721141875e+00
1.735430041077709706e+00
1.759207757787263571e+00
1.781771972497595335e+00
1.803111998659988391e+00
1.823221885873398396e+00
1.842100442905399094e+00
1.859751242300829110e+00
1.876182606560309551e+00
1.891407575942106734e+00
1.905443858011905522e+00
1.918313759135678254e+00
1.930044098180687007e+00
1.940666102758498601e+00
1.950215288411419223e+00
1.958731321209762344e+00
1.966257864291527824e+00
1.972842408938203951e+00
1.978536090840224526e+00
1.983393492262918167e+00
1.987472430878324481e+00
1.990833736079855809e+00
1.993541013645189874e+00
1.995660399657872119e+00
1.997260304639658646e+00
1.998411148883494803e+00
1.999185090011083688e+00
1.999655743809064745e+00
1.999897899423837444e+00
1.999987230016882167e+00
