-3.821403721004100517e-04
-6.628275164692522953e-05
-3.821410215456114449e-04
-6.627925938109595436e-05
-3.821427841412641021e-04
-6.626978046657275648e-05
-3.821462158214920628e-04
-6.625132175770037136e-05
-3.821518713597677136e-04
-6.622089024577789296e-05
-3.821603035260542122e-04
-6.617549301441664079e-05
-3.821720620094292342e-04
-6.611213714974924650e-05
-3.821876921067813692e-04
-6.602782960448176034e-05
-3.822077331771264004e-04
-6.591957701812306471e-05
-3.822327168621044357e-04
-6.578438549379752014e-05
-3.822631650724345447e-04
-6.561926033314430685e-05
-3.822995877405683520e-04
-6.542120573186391373e-05
-3.823424803395694769e-04
-6.518722443746131651e-05
-3.823923211679611028e-04
-6.491431737283689593e-05
-3.824495684007858404e-04
-6.459948322901445678e-05
-3.825146569065013399e-04
-6.423971803089429701e-05
-3.825879948295467453e-04
-6.383201468134782047e-05
-3.826699599384584529e-04
-6.337336248880256952e-05
-3.827608957390129119e-04
-6.286074668475859738e-05
-3.828611073522237554e-04
-6.229114793817398972e-05
-3.829708571565919621e-04
-6.166154187532712529e-05
-3.830903601941740679e-04
-6.096889861332687333e-05
-3.832197793401601873e-04
-6.021018231765749330e-05
-3.833592202351258178e-04
-5.938235079457337019e-05
-3.835087259797649801e-04
-5.848235513032716375e-05
-3.836682715915193343e-04
-5.750713939035032637e-05
-3.838377582226238380e-04
-5.645364039284209070e-05
-3.840170071396297683e-04
-5.531878757196830899e-05
-3.842057534637269419e-04
-5.409950294784401491e-05
-3.844036396725939320e-04
-5.279270122121094456e-05
-3.846102088636723076e-04
-5.139529001221604301e-05
-3.848248977796023696e-04
-4.990417026447680881e-05
-3.850470295971689149e-04
-4.831623683637306654e-05
-3.852758064809635270e-04
-4.662837930377767854e-05
-3.855103019042142344e-04
-4.483748299957874585e-05
-3.857494527393478655e-04
-4.294043031657034624e-05
-3.859920511221979871e-04
-4.093410230278913577e-05
-3.862367360942861984e-04
-3.881538057924432093e-05
-3.864819850286517868e-04
-3.658114961206616542e-05
-3.867261048463684547e-04
-3.422829937256663835e-05
-3.869672230317691567e-04
-3.175372842047316947e-05
-3.872032784560956644e-04
-2.915434744761049007e-05
-3.874320120213418754e-04
-2.642708332062176056e-05
-3.876509571373732820e-04
-2.356888366299592780e-05
-3.878574300483712866e-04
-2.057672201897652216e-05
-3.880485200262348512e-04
-1.744760364287122750e-05
-3.882210794519546813e-04
-1.417857195935856313e-05
-3.883717138083929129e-04
-1.076671574165436514e-05
-3.884967716113720210e-04
-7.209177056184483921e-06
-3.885923343092444540e-04
-3.503160023937104857e-06
-3.886542061857003452e-04
3.540595517548478580e-07
-3.886779043029991608e-04
4.365123636089853799e-06
-3.886586485297606605e-04
8.532580442051525271e-06
-3.885913516998829552e-04
1.285887188177394988e-05
-3.884706099563442483e-04
1.734631993682139977e-05
-3.882906933378923184e-04
2.199711189205698011e-05
-3.880455366734017388e-04
2.681328437821801133e-05
-3.877287308549608050e-04
3.179670616945315907e-05
-3.873335145673933739e-04
3.694905968179584312e-05
-3.868527665594008371e-04
4.227182112038672078e-05
-3.862789985492287538e-04
4.776623922506329162e-05
-3.856043488655260974e-04
5.343331256595594807e-05
-3.848205769330529996e-04
5.927376534386877890e-05
-3.839190587215142317e-04
6.528802165362208084e-05
-3.828907832850225517e-04
7.147617817336902142e-05
-3.817263505297853032e-04
7.783797524760801938e-05
-3.804159703570599450e-04
8.437276633801012388e-05
-3.789494633391894511e-04
9.107948582332030729e-05
-3.773162630968085983e-04
9.795661513813081703e-05
-3.755054205561270770e-04
1.050021472486370390e-04
-3.735056102760859554e-04
1.122135494760293515e-04
-3.713051390463674613e-04
1.195877246883416626e-04
-3.688919569674664134e-04
1.271209708963968511e-04
-3.662536712356290148e-04
1.348089393039997481e-04
-3.633775628654896915e-04
1.426465908798558026e-04
-3.602506065934552634e-04
1.506281515361394124e-04
-3.568594942145442411e-04
1.587470660207038675e-04
-3.531906616143152796e-04
1.669959506506482312e-04
-3.492303197652818145e-04
1.753665450408436089e-04
-3.449644899645728331e-04
1.838496630060804105e-04
-3.403790435946935306e-04
1.924351428459164883e-04
-3.354597466933704119e-04
2.011117972506527764e-04
-3.301923096208641975e-04
2.098673631020096428e-04
-3.245624421127089919e-04
2.186884514755811268e-04
-3.185559140034142835e-04
2.275604981920394034e-04
-3.121586219014771358e-04
2.364677153036625452e-04
-3.053566620874366422e-04
2.453930439446902262e-04
-2.981364098941803988e-04
2.543181090199388692e-04
-2.904846058130845180e-04
2.632231762520707017e-04
-2.823884485483709253e-04
2.720871121571284321e-04
-2.738356952166154466e-04
2.808873475676704548e-04
-2.648147688577597286e-04
2.895998453762312335e-04
-2.553148733858831218e-04
2.981990732226733900e-04
-2.453261160658083608e-04
3.066579819046855995e-04
-2.348396375508711789e-04
3.149479903432788924e-04
-2.238477494588551105e-04
3.230389779897655531e-04
-2.123440793980169682e-04
3.308992856127786035e-04
-2.003237232812804351e-04
3.384957254557887751e-04
-1.877834046818780290e-04
3.457936018035624964e-04
-1.747216408934647866e-04
3.527567430425906404e-04
-1.611389152538084124e-04
3.593475463406932131e-04
-1.470378551795416917e-04
3.655270361071720877e-04
-1.324234152369808699e-04
3.712549374241540419e-04
-1.173030644403088001e-04
3.764897656601829670e-04
-1.016869768252540683e-04
3.811889334893975127e-04
-8.558822419216086975e-05
3.853088765392749244e-04
-6.902296974726932020e-05
3.888051988779888269e-04
-5.201066119791208052e-05
3.916328395258028734e-04
-3.457422167243084325e-05
3.937462611303583788e-04
-1.674023664446704866e-05
3.950996618850615631e-04
1.460865158192702420e-06
3.956472116861875152e-04
1.999463908668272939e-05
3.953433134199752343e-04
3.882246258112031535e-05
3.941428901400444596e-04
5.790138650541324598e-05
3.920016987390692121e-04
7.718400266905963304e-05
3.888766705321399257e-04
9.661833060511698830e-05
3.847262789514219140e-04
1.161477268810971264e-04
3.795109343016988906e-04
1.357108204127337745e-04
3.731934052400138167e-04
1.552414774337127629e-04
3.657392663206455118e-04
1.746687999388343588e-04
3.571173705860065462e-04
1.939171615596979592e-04
3.473003457852850474e-04
2.129062849468580038e-04
3.362651123637210634e-04
2.315513648125087399e-04
3.239934208866080767e-04
2.497632408280136326e-04
3.104724060461071158e-04
2.674486245653762964e-04
2.956951538427842223e-04
2.845103846106676127e-04
2.796612779434468543e-04
3.008478938580671277e-04
2.623775005939042726e-04
3.163574428021318418e-04
2.438582328113576576e-04
3.309327223811707594e-04
2.241261479060361076e-04
3.444653795734724418e-04
2.032127416869912613e-04
3.568456485067273256e-04
1.811588720017896260e-04
3.679630592984958152e-04
1.580152695553495691e-04
3.777072261982859259e-04
1.338430112552623733e-04
3.859687158398302171e-04
1.087139466553072855e-04
3.926399955332981247e-04
8.271106742782901450e-05
3.976164605233931245e-04
5.592880920295400377e-05
4.007975380110387603e-04
2.847327458772397433e-05
4.020878644788768034e-04
4.623657368635477813e-07
4.013985314769887968e-04
-2.797418548978298451e-05
3.986483935162996061e-04
-5.669490195787441934e-05
3.937654300892426168e-04
-8.554677251572666459e-05
3.866881520995623235e-04
-1.143656022056942266e-04
3.773670411445963365e-04
-1.429765132530294407e-04
3.657660081738378622e-04
-1.711946081285576574e-04
3.518638560627094917e-04
-1.988258052101126924e-04
3.356557286166769456e-04
-2.256678565274957728e-04
3.171545264844636571e-04
-2.515115557408110613e-04
2.963922684470940124e-04
-2.761421428578146077e-04
2.734213745951740359e-04
-2.993409102143259389e-04
2.483158460588402120e-04
-3.208870119184984750e-04
2.211723142568677099e-04
-3.405594762729829018e-04
1.921109311411267704e-04
-3.581394176418069286e-04
1.612760706845344438e-04
-3.734124408161679058e-04
1.288368109558791206e-04
-3.861712271642162974e-04
9.498716561599954242e-05
-3.962182877425975917e-04
5.994603361257226431e-05
-4.033688641239777540e-04
2.395683632684450092e-05
-4.074539529939770303e-04
-1.271318750384079431e-05
-4.083234256386726775e-04
-4.977405702576365642e-05
-4.058492083414408976e-04
-8.691452013978280891e-05
-3.999284845070861681e-04
-1.238039422110598993e-04
-3.904868741202062324e-04
-1.600946307188157733e-04
-3.774815410232162851e-04
-1.954246089520046844e-04
-3.609041735842375863e-04
-2.294208459419357863e-04
-3.407837797431738846e-04
-2.617029429720025072e-04
-3.171892333187443722e-04
-2.918872692211960150e-04
-2.902315049857169321e-04
-3.195915304043375673e-04
-2.600655086501435682e-04
-3.444397447165515420e-04
-2.268914922394257676e-04
-3.660675900472066006e-04
-1.909559013557494012e-04
-3.841280754042254719e-04
-1.525516449990472383e-04
-3.982974779196660122e-04
-1.120176948241055409e-04
-4.082814748651064684e-04
-6.973795332653506384e-05
-4.138213879944965378e-04
-2.613933211007804687e-05
-4.147004454999637935e-04
1.831101088876517166e-05
-4.107499551884492449e-04
6.310931654006038003e-05
-4.018552714811485498e-04
1.077197813868524014e-04
-3.879614288495842429e-04
1.515800414451227334e-04
-3.690783057063169292e-04
1.941075818026728825e-04
-3.452851759669563637e-04
2.347070524168319030e-04
-3.167345009055203432e-04
2.727784500556830385e-04
-2.836548119645094547e-04
3.077261040756809358e-04
-2.463525362737344331e-04
3.389683799612622532e-04
-2.052126211880777283e-04
3.659479896226142549e-04
-1.606978225508002688e-04
3.881427718016153055e-04
-1.133465339661627984e-04
4.050767801004023349e-04
-6.376905139734642680e-05
4.163314907376186006e-04
-1.264218909420686439e-05
4.215569178512651666e-04
3.929781069574641433e-05
4.204824017771860824e-04
9.126410058019312609e-05
4.129268160748203334e-04
1.424297739790420046e-04
3.988079230394007101e-04
1.919400846038274520e-04
3.781505959507207412e-04
2.389262458967850123e-04
3.510936203005507461e-04
2.825206696643628879e-04
3.178947866291931962e-04
3.218734535382652929e-04
2.789339952612204234e-04
3.561698759093311073e-04
2.347141089535032454e-04
3.846486058172124975e-04
1.858593139314608208e-04
4.066202853260907774e-04
1.331107835118536817e-04
4.214860947424247306e-04
7.731948181433361163e-05
4.287558683364442631e-04
1.943599802848943424e-05
4.280652918451208124e-04
-3.950263586567420368e-05
4.191916848568387390e-04
-9.838911965018336606e-05
4.020678531345886746e-04
-1.560649479642587691e-04
3.767934899158047516e-04
-2.113421719249796750e-04
3.436436130215759143e-04
-2.630275777781894289e-04
3.030735478284789274e-04
-3.099489064636860077e-04
2.557200061517633143e-04
-3.509826426554225930e-04
2.023978688646598466e-04
-3.850828086323120677e-04
1.440923562025679184e-04
-4.113101103980505279e-04
8.194636422162156295e-05
-4.288607042376138458e-04
1.724285823895876425e-05
-4.370937850038275098e-04
-4.861765695631810715e-05
-4.355571466137387725e-04
-1.141444267390599927e-04
-4.240098342258092397e-04
-1.777881772751675402e-04
-4.024409999446758920e-04
-2.379768044809211559e-04
-3.710840929394570607e-04
-2.931543708568600383e-04
-3.304255633742893532e-04
-3.418225930370723926e-04
-2.812073397068318983e-04
-3.825838430455152667e-04
-2.244224520647371528e-04
-4.141845395720108276e-04
-1.613033209219243537e-04
-4.355576787902377131e-04
-9.330240936831384665e-05
-4.458631542600324381e-04
-2.206514681170020694e-05
-4.445244491758179204e-04
5.060473153865223742e-05
-4.312602582296996010e-04
1.227870265584960320e-04
-4.061096166251695287e-04
1.924934216260458324e-04
-3.694491853494816323e-04
2.577213752057588587e-04
-3.220014684552977013e-04
3.165123215097838784e-04
-2.648329219707260028e-04
3.670126737488379727e-04
-1.993411553708023930e-04
4.075358808772597458e-04
-1.272307232942685405e-04
4.366235809996490231e-04
-5.047735290572216704e-05
4.531037350021996759e-04
2.871915612450500095e-05
4.561435244908921779e-04
1.079926964480328218e-04
4.452947698996024000e-04
1.848781729779326241e-04
4.205296773948672480e-04
2.568868146465422882e-04
3.822648646280436390e-04
3.215874719221396274e-04
3.313718504490993904e-04
3.766914811747155934e-04
2.691725241490522088e-04
4.201383143915409261e-04
1.974185335428419461e-04
4.501789412295958623e-04
1.182540419182549285e-04
4.654536304133076062e-04
3.416189066153161539e-05
4.650608281535927903e-04
-5.210614838139951237e-05
4.486137892901647436e-04
-1.376136592967426055e-04
4.162818154487357247e-04
-2.193363327117319600e-04
3.688132822689002099e-04
-2.942684159479996581e-04
3.075381176673031968e-04
-3.595354522820351940e-04
2.343480215803702218e-04
-4.125093309303529219e-04
1.516534838340672861e-04
-4.509212133141427860e-04
6.231754212728993865e-05
-4.729675901362934837e-04
-3.043279988445771059e-05
-4.774045883200312129e-04
-1.231155378910581133e-04
-4.636257129132699290e-04
-2.121200051859790285e-04
-4.317184962803824466e-04
-2.938465491881285183e-04
-3.824960466817105449e-04
-3.648545682815722583e-04
-3.175002422133024402e-04
-4.220131224604427734e-04
-2.389742942977019641e-04
-4.626477109104704154e-04
-1.498035854867506636e-04
-4.846764281608998207e-04
-5.342503450880104702e-05
-4.867286125192851493e-04
4.629329007692980103e-05
-4.682393218690447233e-04
1.451990566990810755e-04
-4.295135361955860522e-04
2.390242857722373699e-04
-3.717549021457070609e-04
3.235694845143992013e-04
-2.970550939673181467e-04
3.948958242760218203e-04
-2.083414397346101780e-04
4.495168638953288189e-04
-1.092823042851550578e-04
4.845806323017728154e-04
-4.151763344213774826e-06
4.980325929224509694e-04
1.023427392041393637e-04
4.887501788098442450e-04
2.052638893009973335e-04
4.566402499634311576e-04
2.996712272854541812e-04
4.026919994781481913e-04
3.808613280798600707e-04
3.289795128206777098e-04
4.446101720305665637e-04
2.386103253722260094e-04
4.874054137573655002e-04
1.356188574686171622e-04
5.066557997471277412e-04
2.480643333515404787e-05
5.008651836944858068e-04
-8.846741771113050129e-05
4.697594970524159226e-04
-1.985346747944686683e-04
4.143566709379307034e-04
-2.996990033405702841e-04
3.369718537122445975e-04
-3.865333361106452776e-04
2.411532610839969512e-04
-4.541798014568744751e-04
1.315475215954369599e-04
-4.986356320878877670e-04
1.369728462559974226e-05
-5.170082060916105816e-04
-1.062220545605617439e-04
-5.077228301203278935e-04
-2.217156152154823863e-04
-4.706683372462343437e-04
-3.263176302280414252e-04
-4.072680485684894176e-04
-4.139575394637738984e-04
-3.204670854068322750e-04
-4.793233370756443384e-04
-2.146312989104097284e-04
-5.182005650138767419e-04
-9.535802105705901404e-05
-5.277651899993863679e-04
3.079581140916275248e-05
-5.068097842542192838e-04
1.566571497665611738e-04
-4.558850027893508391e-04
2.748357002776461670e-04
-3.773422776835312457e-04
3.781572752670595309e-04
-2.752688049693068767e-04
4.601070320602702012e-04
-1.553120598232454307e-04
5.152555692627632834e-04
-2.439792763128949445e-05
5.396399665670947692e-04
1.096463098542899313e-04
5.310727243680217827e-04
2.385458950349718648e-04
4.893542861109780127e-04
3.540848247180136688e-04
4.163693951840674199e-04
4.486345670929058928e-04
3.160538055942215983e-04
5.156718114056062143e-04
1.942255546330229040e-04
5.502501563092231183e-04
5.828371128646322487e-05
5.493912875718493481e-04
-8.321328116885572633e-05
5.123642841290776493e-04
-2.210684504412396920e-04
4.408272213695067364e-04
-3.460367722441155293e-04
3.388130320587470247e-04
-4.494488109083936804e-04
2.125512750024192792e-04
-5.238261944713997267e-04
7.012851044630640180e-05
-5.634453189526402155e-04
-7.899830287495785254e-05
-5.648063776947970412e-04
-2.246093997964596816e-04
-5.269686967681029045e-04
-3.564142429126427930e-04
-4.517204119424828024e-04
-4.647827913237038934e-04
-3.435604890487627735e-04
-5.414648508527584395e-04
-2.094834621324623974e-04
-5.802438068920575450e-04
-5.857130339571913012e-05
-5.774723786163827016e-04
9.858839280046569585e-05
-5.324434777241877480e-04
2.506243154601594234e-04
-4.475587253279841166e-04
3.861969305553266969e-04
-3.282702679185021347e-04
4.948508063267563614e-04
-1.827875003503349593e-04
5.678404417300950049e-04
-2.155811331098740971e-05
5.988642089247283792e-04
1.434487466583261091e-04
5.846440081555236146e-04
2.996119278258486777e-04
5.252964393028634752e-04
4.346199506750805623e-04
4.244544731704432555e-04
5.374532376522444740e-04
2.891160756981925751e-04
5.993089897658172675e-04
1.292168978390885892e-04
6.143905580720601667e-04
-4.305347576900203123e-05
5.804893938693110860e-04
-2.141498689981003248e-04
4.993003655548300520e-04
-3.702221575127698835e-04
3.764298296624659637e-04
-4.982392957567961540e-04
2.210792041800061837e-04
-5.870967215264565877e-04
4.541326547803534132e-05
-6.286129736747757529e-04
-1.363500875398457953e-04
-6.183250312062625901e-04
-3.090656196196208804e-04
-5.560036691493971429e-04
-4.579165735930004061e-04
-4.458296114552740171e-04
-5.696984378081217798e-04
-2.961973004004861670e-04
-6.340199623917959102e-04
-1.191438634913385931e-04
-6.443113937459365222e-04
7.056607232464148956e-05
-5.985405128711091330e-04
2.566365202767979629e-04
-4.995573977791686274e-04
4.226250118015378149e-04
-3.550177384291006415e-04
5.534014459432138027e-04
-1.768699743916234482e-04
6.365526244698043986e-04
1.956931966479191244e-05
6.636016288041359217e-04
2.168879079012526849e-04
6.309206427622396840e-04
3.970982574220511489e-04
5.402372652030312458e-04
5.432768137102056416e-04
3.986666241533085671e-04
6.411745524455478556e-04
2.182423963362223069e-04
6.806454123713265520e-04
1.496584054283024712e-05
6.567478319163267938e-04
-1.925609134018845502e-04
5.703977944146309143e-04
-3.848073310508454050e-04
4.284882925700586554e-04
-5.431468773129770333e-04
2.434372895639644882e-04
-6.516797264650268668e-04
3.218014595750468866e-05
-6.988675582150680708e-04
-1.853218177011387979e-04
-6.788107801091985537e-04
-3.879329182998242148e-04
-5.920245584655893338e-04
-5.553883138207634049e-04
-4.456121397425191668e-04
-6.703375892399955713e-04
-2.527889236265301771e-04
-7.201809181083852762e-04
-3.177386210684752122e-05
-6.985018230861110133e-04
1.958699402658232004e-04
-6.059311691122609613e-04
4.073026782021071154e-04
-4.503266285143725164e-04
5.806908042361800647e-04
-2.462165361476896693e-04
6.974801882478961091e-04
-1.353099450659457637e-05
7.444230448004105849e-04
2.242809297947655819e-04
7.151353223291224753e-04
4.425790233709683743e-04
6.109988385556784207e-04
6.180796413034316938e-04
4.412820832140949921e-04
7.313627874251379469e-04
2.224303088092078294e-04
7.690686152018081463e-04
-2.343790969133751657e-05
7.255327169361405325e-04
-2.707028420914474060e-04
6.036573477994464261e-04
-4.928805452576313743e-04
4.148885443903560120e-04
-6.654592279827411649e-04
1.782604810772805959e-04
-7.686339764130956792e-04
-8.143063545890301142e-05
-7.896343792075778776e-04
-3.361610028703463987e-04
-7.243689863874649536e-04
-5.576724700723262752e-04
-5.781725521004045174e-04
-7.206107986931335491e-04
-3.655316835370551846e-04
-8.054627459103042876e-04
-1.087733764708338335e-04
-8.009509495445700684e-04
1.641822901777656267e-04
-7.055900800440066591e-04
4.227922348369976806e-04
-5.281888082384346948e-04
6.372765918398648650e-04
-2.871926601037849171e-04
7.820510674720804103e-04
-8.891697288118758508e-06
8.388115200418478712e-04
2.753498171472073576e-04
7.988975969062043873e-04
5.325624671794549399e-04
6.646279323186728843e-04
7.319642144919969590e-04
4.494049433987612734e-04
8.486444458467674520e-04
1.765224990879182658e-04
8.666991629785499984e-04
-1.232397090131247177e-04
7.814207453706867312e-04
-4.150025631720808371e-04
6.002395445220889015e-04
-6.637933551032382425e-04
3.422499989723826620e-04
-8.387176268214243009e-04
3.631694411802274336e-05
-9.168015423457920483e-04
-2.820699978219041223e-04
-8.860254118899426462e-04
-5.748652510812373231e-04
-7.471446307311282835e-04
-8.060017484047192569e-04
-5.140235950169943970e-04
-9.458542694756649685e-04
-2.123781809924851511e-04
-9.750782048296080182e-04
1.229857132423364374e-04
-8.873217211697878928e-04
4.521590190316379654e-04
-6.904262799007463043e-04
7.348970738289324232e-04
-4.059019480230339517e-04
9.356044346108051716e-04
-6.667129068722507657e-05
1.027919657786901305e-03
2.867055209829325220e-04
9.983045467394559974e-04
6.109087405182442310e-04
8.481411565269658236e-04
8.652643313306453490e-04
5.940072860028536902e-04
1.017006200200846772e-03
2.660195351382311883e-04
1.045712348275216683e-03
-9.562316072275279036e-05
9.463070713712274686e-04
-4.455235521579235195e-04
7.301794528165939709e-04
-7.388228535441169857e-04
4.241933288149898396e-04
-9.370774314039365810e-04
6.762978187536397220e-05
-1.013511008290569546e-03
-2.926227986020709521e-04
-9.569244904744701220e-04
-6.080697968821391960e-04
-7.736892984428398162e-04
-8.350570244807235983e-04
-4.874773269914341959e-04
-9.408230374347622410e-04
-1.366656286605307576e-04
-9.083303213941276190e-04
2.303384009859016715e-04
-7.391731859076986107e-04
5.613152449413428722e-04
-4.540856097342066064e-04
8.072259203705589104e-04
-9.087340692390559124e-05
9.290692266942548712e-04
3.000648285760433402e-04
9.036689421766912070e-04
6.621286748264981759e-04
7.275571844461625401e-04
9.400357377598680432e-04
4.183396182901003187e-04
1.087496505288344014e-03
1.324253786921716219e-05
1.074003262300839926e-03
-4.350870631056333662e-04
8.897647451356302008e-04
-8.650776007938106547e-04
5.480277805845967191e-04
-1.214238000820975962e-03
8.435179667385696300e-05
-1.427640465905069718e-03
-4.471973123980378662e-04
-1.465736397437197771e-03
-9.805428327141958202e-04
-1.310401255180624995e-03
-1.446000662591679460e-03
-9.683001972611250327e-04
-1.779508778793663414e-03
-4.709986531460015093e-04
-1.931438336556155939e-03
1.283292391410562928e-04
-1.873746647891605301e-03
7.612717412845918658e-04
-1.604412023803574068e-03
1.352861430688830861e-03
-1.148428612357926901e-03
1.831441067848041913e-03
-5.550957222381237149e-04
2.138371891929008103e-03
1.081485785199005727e-04
2.236209471230315039e-03
7.645964607021216164e-04
2.114134067718370126e-03
1.338670401104770846e-03
1.789766000644752841e-03
1.766413947056022678e-03
1.306981272467967053e-03
2.004559943994065584e-03
7.299056980653493253e-04
2.036806573653869145e-03
1.338291750640581076e-04
1.876281636775513871e-03
-4.057364634495203709e-04
1.563691501457589511e-03
-8.243068768481751421e-04
1.161265971914256191e-03
-1.078318896485388513e-03
7.432388466675977001e-04
-1.152130995327691702e-03
3.841543408444779081e-04
-1.060952089727471102e-03
1.466765639250499839e-04
-8.490719425061112047e-04
7.073703672520531213e-05
-5.834395341128427621e-04
1.657482239064878189e-04
-3.433370519243090190e-04
4.072408988393064894e-04
-2.075241498964181409e-04
7.386905692547494212e-04
-2.406827529051330794e-04
1.078559133957207941e-03
-4.811998900006821730e-04
1.331794313932200408e-03
-9.322404362877226161e-04
1.404315362533534173e-03
-1.557679883717167984e-03
1.218479228340599643e-03
-2.283829868307175534e-03
7.272561804884739023e-04
-3.007076962016106119e-03
-7.509777523338669741e-05
-3.606679493586487442e-03
-1.147693449005292125e-03
-3.961154792801836917e-03
-2.404124206082334896e-03
-3.966064681602048288e-03
-3.720292729605364883e-03
-3.550673496836924750e-03
-4.948220752996499924e-03
-2.690975869819928722e-03
-5.934192985641142080e-03
-1.416986703708192699e-03
-6.538860949369705751e-03
1.870856563596671671e-04
-6.656520570092304065e-03
1.990191004211214806e-03
-6.230757005377975805e-03
3.828639922773770590e-03
-5.264044805630259394e-03
5.525447143355460486e-03
-3.819663712169182185e-03
6.912270563648538306e-03
-2.015344267772761939e-03
7.850903267557052256e-03
-9.249751996670031728e-06
8.251207068755728527e-03
2.019939763314420027e-03
8.082768278711006255e-03
3.896124805597042141e-03
7.378374285515768190e-03
5.468760423274481031e-03
6.228552012864270460e-03
6.632282567765691861e-03
4.767721155297660954e-03
7.338955312022866183e-03
3.153807289975274486e-03
7.602978857905045434e-03
1.544236452385633340e-03
7.494942655079189775e-03
7.191938304654168362e-05
7.127156912863290977e-03
-1.174994477770239555e-03
6.631841163719219903e-03
-2.166210274717873460e-03
6.135371248294257257e-03
-2.932783036082410935e-03
5.732588349779804346e-03
-3.559936846682303785e-03
5.465409743740044443e-03
-4.169744442855982322e-03
5.309581577094863933e-03
-4.895836812198153115e-03
5.172401122801446177e-03
-5.853718762819592157e-03
4.902724176348930915e-03
-7.111220923541796551e-03
4.312757916426409981e-03
-8.663950229135857981e-03
3.209272221709980229e-03
-1.042022101643985503e-02
1.430216875985988387e-03
-1.219886865240276883e-02
-1.118434758642447222e-03
-1.374168189071614532e-02
-4.431281502191896163e-03
-1.474014584111772719e-02
-8.382887410179971910e-03
-1.487403829173339874e-02
-1.272222180155965429e-02
-1.385747245262876348e-02
-1.708459682541528177e-02
-1.148652143774373142e-02
-2.102127703536072617e-02
-7.681831955443116193e-03
-2.404447552499176105e-02
-2.519783590049490436e-03
-2.568314176551007508e-02
3.753193714831060818e-03
-2.554311736817939382e-02
1.072666316101064839e-02
-2.336416651186870932e-02
1.785363792978319347e-02
-1.906626433436294302e-02
2.449774452984447917e-02
-1.277841366911496718e-02
2.999569471836529416e-02
-4.845086818948202839e-03
3.372841130310319513e-02
4.192047577136454040e-03
3.519265264672215288e-02
1.363646182046047983e-02
3.406446806261100718e-02
2.269948002115428770e-02
3.024639814684957836e-02
3.057698037579485717e-02
2.389197380814540167e-02
3.653172593209347979e-02
1.540358647134079835e-02
3.997196931804562758e-02
5.402899162989701666e-03
4.051712874397552649e-02
-5.323740386292039571e-03
3.804263492721578210e-02
-1.589935607654721639e-02
3.269835774159268044e-02
-2.544189391544861983e-02
2.489805979119266016e-02
-3.315178702397755806e-02
1.528071561619070810e-02
-3.839169673751660627e-02
4.647854170684875830e-03
-4.074943424957258586e-02
-6.116090577037588960e-03
-4.007701263170923567e-02
-1.613145767336775574e-02
-3.650158477523193779e-02
-2.460922072295677193e-02
-3.040733539156588103e-02
-3.092550822623015006e-02
-2.239079668965488629e-02
-3.467673090777410178e-02
-1.319512050899217248e-02
-3.570969195115527434e-02
-3.631184430986264880e-03
-3.412412016447934071e-02
5.505247609724008701e-03
-3.024837076622572535e-02
1.351089877295688982e-02
-2.459216362749800863e-02
1.983843589841825100e-02
-1.778278585007302126e-02
2.413952117599603778e-02
-1.049286804720480845e-02
2.628366094302575853e-02
-3.368466021143190145e-03
2.635210877441791777e-02
3.034301358119801707e-03
2.460910080484219470e-02
8.297289838609406970e-03
2.145530489227539736e-02
1.216853041499059082e-02
1.737023595695078720e-02
1.456878738009650606e-02
1.285131863426546353e-02
1.557745819801450299e-02
8.357187563501792399e-03
1.540130736454725473e-02
4.261764681772309965e-03
1.433143949954994445e-02
8.238255963497554193e-04
1.269501519495324152e-02
-1.825557785800756283e-03
1.080839495661195526e-02
-3.677801256599714207e-03
8.937687615264422458e-03
-4.826238054546575645e-03
7.271224024057472771e-03
-5.434456565189508745e-03
5.906512608949558360e-03
-5.698957459282312857e-03
4.852055339462276948e-03
-5.811881875437826042e-03
4.042319898206477025e-03
-5.929094141158145273e-03
3.362456068461088139e-03
-6.147737828725984878e-03
2.678225070783139556e-03
-6.495724364761952876e-03
1.866200456428209180e-03
-6.933718430536054030e-03
8.396139018762779904e-04
-7.368332366827870170e-03
-4.338274782897640416e-04
-7.673690229201736088e-03
-1.924405076636924797e-03
-7.717472667957993998e-03
-3.543726658750045045e-03
-7.387126707151947178e-03
-5.157880745427941699e-03
-6.612145826736446491e-03
-6.607945075458265122e-03
-5.379128400887992455e-03
-7.734414640831422869e-03
-3.737560402094132310e-03
-8.401692266200046916e-03
-1.795740899117690120e-03
-8.518944023809474006e-03
2.922473444120585878e-04
-8.054310543525986660e-03
2.346338735408215991e-03
-7.040558112653009029e-03
4.183969337603668168e-03
-5.571573490985642571e-03
5.643740955642913282e-03
-3.790453015634921794e-03
6.605868993517201651e-03
-1.871115348624785308e-03
7.006610219456918705e-03
3.782814980838808405e-06
6.844834483105584344e-03
1.665433692974277805e-03
6.180092041280599476e-03
2.978832253819710743e-03
5.122755431262499340e-03
3.857462794481466596e-03
3.817904863235791445e-03
4.270936319872028521e-03
2.425430152264806353e-03
4.244861768834934899e-03
1.099239540889867302e-03
3.853350500455040000e-03
-3.154438470325069549e-05
3.205560431939298224e-03
-8.769370757151736563e-04
2.428446488693042100e-03
-1.394270571832314544e-03
1.648302088335894082e-03
-1.589424388554209512e-03
9.737100207863706985e-04
-1.511344759603371925e-03
4.821846878897953406e-04
-1.241013894529036793e-03
2.121472970280566511e-04
-8.767458144904099679e-04
1.610370229857228594e-04
-5.180991732976329180e-04
2.894528010735628910e-04
-2.507670911310079520e-04
5.303740684384355975e-04
-1.345371109133350514e-04
8.018407312705400601e-04
-1.958657686099839635e-04
1.021068091541662681e-03
-4.258737558006776922e-04
1.117875072383960749e-03
-7.837531495692883670e-04
1.045511950077369478e-03
-1.204806479421955800e-03
7.874421352828844638e-04
-1.611715172778048922e-03
3.592821742381749339e-04
-1.927242351323263684e-03
-1.941655636813637877e-04
-2.086455828533223880e-03
-8.061489122554968585e-04
-2.046714624328737405e-03
-1.398251804686587857e-03
-1.794060535804527148e-03
-1.892130251849801978e-03
-1.345227531622826111e-03
-2.220960681876429574e-03
-7.451374375769758383e-04
-2.338975560336849484e-03
-6.039467916331810529e-05
-2.227796663431790176e-03
6.301637225773516759e-04
-1.898777265157054230e-03
1.246435090278498817e-03
-1.391153336816304022e-03
1.717950894400431961e-03
-7.663948320705547042e-04
1.993195982299630215e-03
-9.965940408438421494e-05
2.046110905859880452e-03
5.303843117056041001e-04
1.878976756597731598e-03
1.051921741729634242e-03
1.521408973435907103e-03
1.409133623257995474e-03
1.025728479368021896e-03
1.568922646962599317e-03
4.594605087077696702e-04
1.524408272929933961e-03
-1.039292379089883003e-04
1.294840565392754543e-03
-5.947579627698011771e-04
9.220787002271776771e-04
-9.559961938441394972e-04
4.642333895147738275e-04
-1.150140271735291403e-03
-1.257416684426909161e-05
-1.163255367588752597e-03
-4.431736347541236597e-04
-1.005768048368038507e-03
-7.718176084062966427e-04
-7.100356370033041910e-04
-9.590708285982342063e-04
-3.251440953963803324e-04
-9.862783380695180641e-04
9.026826254676266134e-05
-8.571285164016502521e-04
4.761391183356472601e-04
-5.962284769960636034e-04
7.789601906971134644e-04
-2.450031873351792011e-04
9.585704011860650062e-04
1.444352964081086106e-04
9.929293283040818707e-04
5.165667362241200666e-04
8.803352493063326244e-04
8.198980376020077732e-04
6.389067953461214939e-04
1.013586719352167157e-03
3.035088253094496554e-04
1.072431473789933927e-03
-7.937550597020010933e-05
9.896546257131704806e-04
-4.580827332356856652e-04
7.772093149476929849e-04
-7.826382400807932417e-04
4.636718807845452602e-04
-1.011161169593297743e-03
9.008446353538871604e-05
-1.115007853321225420e-03
-2.956432583518810685e-04
-1.082051190227748157e-03
-6.450088120791316708e-04
-9.177550335656187337e-04
-9.150518672631608678e-04
-6.439948475070612216e-04
-1.073585993958894955e-03
-2.958604147693714125e-04
-1.102909646622605728e-03
8.308200459067847932e-05
-1.001594501469618833e-03
4.464198753976289340e-04
-7.842045770595875483e-04
7.506863877651489582e-04
-4.790608448221740341e-04
9.605953804580832922e-04
-1.244007994245549704e-04
1.053099781753074433e-03
2.365367183142250227e-04
1.019824683004716057e-03
5.608635640402652184e-04
8.676432260342386085e-04
8.111682421079432007e-04
6.173982801832518302e-04
9.598089896842212226e-04
3.009960527538810054e-04
9.918936241746132386e-04
-4.271698021018926388e-05
9.066435680162095341e-04
-3.727553618951571840e-04
7.170446718430261053e-04
-6.508789167629935608e-04
4.478942289523927481e-04
-8.459812870625230477e-04
1.325373443317101260e-04
-9.374880673726064019e-04
-1.912738438094986702e-04
-9.174078632057677905e-04
-4.858818323764796648e-04
-7.908525035527152417e-04
-7.180514393143140259e-04
-5.750283781082875158e-04
-8.626328673601177605e-04
-2.968771695390380518e-04
-9.051680639185367278e-04
1.030876964690447331e-05
-8.431868776960436658e-04
3.108688094555925666e-04
-6.861000571261929165e-04
5.708782057869425317e-04
-4.537591358873187351e-04
7.619061067686159951e-04
-1.739000826113980269e-04
8.640199957938945498e-04
1.211974215410078007e-04
8.677324019603746726e-04
3.984312137437931532e-04
7.747176899584730207e-04
6.275511541174499854e-04
5.972711132796656172e-04
7.843847954044620794e-04
3.566223313024425266e-04
8.532802180524236540e-04
8.033601180965668472e-05
8.285331940829660652e-04
-2.008791743087866418e-04
7.146871060986421161e-04
-4.565828116858841688e-04
5.257210580839554413e-04
-6.598595628092321060e-04
2.832602858452719537e-04
-7.900784758725144016e-04
1.404100317263035427e-05
-8.348821679304096023e-04
-2.530701031960007775e-04
-7.912281348393670425e-04
-4.901689033509301109e-04
-6.654131077281229788e-04
-6.731907864910093063e-04
-4.721215259449785834e-04
-7.842814356779139471e-04
-2.326391311674677088e-04
-8.134379534919069284e-04
2.754746598494176718e-05
-7.592831040586095221e-04
2.814917694573056302e-04
-6.289311312849088335e-04
5.035738830461529078e-04
-4.369983473972759505e-04
6.720472997611194078e-04
-2.038958111929932556e-04
7.710991736188334191e-04
4.639299782764703256e-05
7.922385236804171862e-04
2.888050737627071481e-04
7.349033943729226317e-04
4.997021555618191575e-04
6.062612322274060078e-04
6.591390409152217238e-04
4.202578993460665295e-04
7.526842637921495743e-04
1.960418816501023056e-04
7.726359152713704447e-04
-4.405505049633856693e-05
7.185421305833112737e-04
-2.767655670608483616e-04
5.970075078760887170e-04
-4.801366328655679331e-04
4.208361879990984468e-04
-6.355666029794768482e-04
2.076229507252437285e-04
-7.294459876843085869e-04
-2.204978322610344488e-05
-7.542653205220380044e-04
-2.466222522841030572e-04
-7.091107802634040100e-04
-4.455785043763845930e-04
-5.995295787287048365e-04
-6.012912041337191513e-04
-4.368065930135016720e-04
-7.005289964495997656e-04
-2.367458562829642503e-04
-7.355047405929037319e-04
-1.809095841745120802e-05
-7.043911626704732953e-04
1.992558239722809921e-04
-6.112825292709666734e-04
3.960461530054313999e-04
-4.656318304934951966e-04
5.553667000876076317e-04
-2.812381503895020193e-04
6.640458463169907066e-04
-7.489471399620183448e-05
7.136751942638825275e-04
1.351680391033834722e-04
7.011749492649395950e-04
3.308994100538326360e-04
6.288759224423039499e-04
4.959631924485761534e-04
5.041343152457972892e-04
6.170628711580381041e-04
3.385347898615290825e-04
6.849548540184050276e-04
1.467694701725953460e-04
6.950794730748650115e-04
-5.469682649970609685e-05
6.477756107075628191e-04
-2.490529462165673251e-04
5.480815472959502718e-04
-4.205363261927404618e-04
4.051588452906457194e-04
-5.556829889483653074e-04
2.314050859323661061e-04
-6.443374440456583509e-04
4.134300942896683081e-05
-6.803523727561068589e-04
-1.496132091859992980e-04
-6.619371548534074695e-04
-3.264096664061914583e-04
-5.916449428384546643e-04
-4.755221163804027431e-04
-4.760174971546666297e-04
-5.859550516467938123e-04
-3.249330611045436398e-04
-6.500010058231823085e-04
-1.507233302326482609e-04
-6.637133929185311731e-04
3.286021733735103138e-05
-6.270711490462981853e-04
2.117433655721273882e-04
-5.438384415870851961e-04
3.726025585162179559e-04
-4.211458071111420743e-04
5.038345653368132664e-04
-2.688386262624634137e-04
5.963549280544695394e-04
-9.865360275190001964e-05
6.441745918180821328e-04
7.670688508538915564e-05
6.447236817611276278e-04
2.445293302704173001e-04
5.989119571515746183e-04
3.930016051932804996e-04
5.109354258458820080e-04
5.120198513794390130e-04
3.878565017367868913e-04
5.938376623863873306e-04
2.389997684301656830e-04
6.335199444554924682e-04
7.521604249741055837e-05
6.291800159304054493e-04
-9.192645479816748339e-05
5.819950897966970696e-04
-2.509635030560957380e-04
4.960110569574424297e-04
-3.913114096924877067e-04
3.777613947585376029e-04
-5.039478849557432662e-04
2.357362320495948790e-04
-5.819562316791833346e-04
7.974553698039525164e-05
-6.209036959822540483e-04
-7.977523638100095585e-05
-6.190378544083746876e-04
-2.324679212987089622e-04
-5.772981070640595099e-04
-3.687162798500488942e-04
-4.991517938011046877e-04
-4.802314457107329871e-04
-3.902753700802232342e-04
-5.605249012772650207e-04
-2.581098614832003871e-04
-6.052451338583106355e-04
-1.113260489543060200e-04
-6.123643895721459255e-04
4.076168448462745043e-05
-5.822123391012506890e-04
1.887931949291431731e-04
-5.173633036411987322e-04
3.239343174187927533e-04
-4.223923767684995413e-04
4.383888274388900337e-04
-3.035228596843374694e-04
5.258228640648368330e-04
-1.681925888252772247e-04
5.816812541707681080e-04
-2.456981225338954970e-05
6.033831025400266876e-04
1.189497529512778540e-04
5.903921122055839302e-04
2.542340602441435417e-04
5.441648604239113490e-04
3.738662159270601283e-04
4.679872337897258636e-04
4.715326601360828257e-04
3.667150656323527307e-04
5.423296804916895048e-04
2.464394668061445641e-04
5.829758342643752552e-04
1.141002517855411015e-04
5.919240543127607434e-04
-2.292780417145783749e-05
5.693732874473917066e-04
-1.572513264010200521e-04
5.171851212374289257e-04
-2.818543331401801035e-04
4.387157159431672761e-04
-3.904536024302391272e-04
3.385772614516338423e-04
-4.777968003148723203e-04
2.223459891106672722e-04
-5.398910271882642522e-04
9.623542470167450666e-05
-5.741540433867269424e-04
-3.324591812102842010e-05
-5.794850897223589089e-04
-1.596337614458469755e-04
-5.562566645209063819e-04
-2.768270625727217412e-04
-5.062326334523813837e-04
-3.793719286848763793e-04
-4.324214549940990368e-04
-4.626984544968822891e-04
-3.388759761471280647e-04
-5.233017426424446065e-04
-2.304531155403431730e-04
-5.588617974864682619e-04
-1.125477804208819491e-04
-5.683003990775590750e-04
9.184417096598984295e-06
-5.517762913624953526e-04
1.291016078250443750e-04
-5.106229110340183711e-04
2.418344213079648766e-04
-4.472353259426123471e-04
3.425179066620512910e-04
-3.649149648815625435e-04
4.269875862479859032e-04
-2.676820586853398886e-04
4.919329771920185387e-04
-1.600664643157366247e-04
5.350043997939361862e-04
-4.688772765718419566e-05
5.548713614024640200e-04
6.696509816747403445e-05
5.512331423694384353e-04
1.767441583476709677e-04
5.247843186284374727e-04
2.780354777089205339e-04
4.771397560325960248e-04
3.669265279596132601e-04
4.107250503335564641e-04
4.401432402799374845e-04
3.286394319512426056e-04
4.951527691986915090e-04
2.344987966468011290e-04
5.302300690557901902e-04
1.322667718836470301e-04
5.444880290266032596e-04
2.608161112492587519e-05
5.378724588442683561e-04
-7.991373444348322209e-05
5.111245706615667826e-04
-1.817317339360631815e-04
4.657147230584938232e-04
-2.756848841155550164e-04
4.037520557719045163e-04
-3.585101923186950214e-04
3.278752371266735900e-04
-4.274701004872269905e-04
2.411298721524640469e-04
-4.804276286845519679e-04
1.468381911135270687e-04
-5.158947088379855182e-04
4.846647824574697953e-05
-5.330538040127152585e-04
-5.050466118823354784e-05
-5.317539260562184058e-04
-1.467026257281617415e-04
-5.124830444965992144e-04
-2.369738214009152986e-04
-4.763196007797973345e-04
-3.184801772266760431e-04
-4.248663918171829545e-04
-3.887788021992210014e-04
-3.601704613154909501e-04
-4.458832245159920606e-04
-2.846328399168197376e-04
-4.883054465888996172e-04
-2.009120157556729472e-04
-5.150787953882285646e-04
-1.118249108880023466e-04
-5.257622236104369552e-04
-2.024890546341653885e-05
-5.204273050451882834e-04
7.097188743535867358e-05
-4.996296548040047702e-04
1.591133140569128603e-04
-4.643668844870993038e-04
2.416485355159753287e-04
-4.160254715402207041e-04
3.163142553938753671e-04
-3.563190830157780776e-04
3.811645529971372567e-04
-2.872209525082061840e-04
4.346115728699785630e-04
-2.108928740720400746e-04
4.754528129934506783e-04
-1.296132597096766640e-04
5.028852063269852353e-04
-4.570652044350444025e-05
5.165065916299289850e-04
3.852421106811520102e-05
5.163055116381225999e-04
1.208592817416639237e-04
5.026405545246202854e-04
1.992182191128350020e-04
4.762106658429100196e-04
2.717078328831144113e-04
4.380180031220194409e-04
3.366619441525592294e-04
3.893249864734343261e-04
3.926722870883002326e-04
3.316072203691132958e-04
4.386104271891378813e-04
2.665039300161753649e-04
4.736408140554261483e-04
1.957674774329834586e-04
4.972253289069748002e-04
1.212134050651172512e-04
5.091198939673343381e-04
4.467230657107087912e-05
5.093638798489678616e-04
-3.205534671727806092e-05
4.982631773270065770e-04
-1.072404813943145713e-04
4.763678918199667264e-04
-1.792620514097665728e-04
4.444456740879557197e-04
-2.466384682420505263e-04
4.034517216544156789e-04
-3.080534690921685106e-04
3.544964755291557003e-04
-3.623762409248823405e-04
2.988119997830099165e-04
-4.086757848114756808e-04
2.377179715606695092e-04
-4.462296545517194929e-04
1.725881305584873017e-04
-4.745273336949445389e-04
1.048179441867312916e-04
-4.932686244175903817e-04
3.579414181071206152e-05
-5.023575096172946952e-04
-3.313333738586335658e-05
-5.018920161149751161e-04
-1.006765495874231611e-04
-4.921506526948501081e-04
-1.656315815545793008e-04
-4.735760230346209437e-04
-2.268971993783290520e-04
-4.467562219669386206e-04
-2.834899947358978690e-04
-4.124046158525082086e-04
-3.345560050068177279e-04
-3.713385862239181241e-04
-3.793788665424617946e-04
-3.244577824859745619e-04
-4.173846328435458237e-04
-2.727223865784149858e-04
-4.481434507973783440e-04
-2.171318423348533085e-04
-4.713683382340989902e-04
-1.587044469377397104e-04
-4.869113449841151959e-04
-9.845814335929052846e-05
-4.947574077394248718e-04
-3.739279281456434848e-05
-4.950162269502770716e-04
2.352585334857045223e-05
-4.879125025229831460e-04
8.338032083125411931e-05
-4.737748651511977465e-04
1.413136122317110817e-04
-4.530238327382237438e-04
1.965393844388048155e-04
-4.261591076226259366e-04
2.483500951935973004e-04
-3.937465112991700433e-04
2.961231521186636099e-04
-3.564048301075845027e-04
3.393251337846513475e-04
-3.147928189828061506e-04
3.775141830911526086e-04
-2.695965818019779988e-04
4.103406983683151408e-04
-2.215175170242816914e-04
4.375464672929737673e-04
-1.712609870153508087e-04
4.589624031864567022e-04
-1.195258393948848627e-04
4.745050528555723067e-04
-6.699487955920033731e-05
4.841720502444428822e-04
-1.432636572617324803e-05
4.880366912344555937e-04
3.785342815579230587e-05
4.862418024371117616e-04
8.895656018434309250e-05
4.789930712677209317e-04
1.384386790557367219e-04
4.665519964641097386e-04
1.858032125289328304e-04
4.492286080060635487e-04
2.306045214159624119e-04
4.273740935738992849e-04
2.724500686082637459e-04
4.013734556894686971e-04
3.110016640204080890e-04
3.716383099213853031e-04
3.459758552619402556e-04
3.385999203755321639e-04
3.771435404804723661e-04
3.027025544519265535e-04
4.043288843086548625e-04
2.643972248269732105e-04
4.274076203848324639e-04
2.241358730406969001e-04
4.463048246987392186e-04
1.823660361465565005e-04
4.609922432499518859e-04
1.395260257659747000e-04
4.714852554075909131e-04
9.604063770713263315e-05
4.778395511335372216e-04
5.231740014161487761e-05
4.801475960819947403e-04
8.743359244338047434e-06
4.785349537079014665e-04
-3.431760679597088194e-05
4.731565280834488987e-04
-7.652696137248943449e-05
4.641927853099822891e-04
-1.175731924567716233e-04
4.518460053604980665e-04
-1.571730315480326674e-04
4.363366100440478883e-04
-1.950722389087614994e-04
4.178996066552430810e-04
-2.310459882586938813e-04
3.967811808662051725e-04
-2.648988860896237777e-04
3.732354666201510201e-04
-2.964646619696716503e-04
3.475215152600819382e-04
-3.256055667129160395e-04
3.199004809387612789e-04
-3.522115151823552244e-04
2.906330345331811045e-04
-3.761990098487160480e-04
2.599770138754343247e-04
-3.975098801279178576e-04
2.281853141146289454e-04
-4.161098710429395010e-04
1.955040184618033654e-04
-4.319871129702008441e-04
1.621707664331586930e-04
-4.451505022109190153e-04
1.284133539955589591e-04
-4.556280199280978772e-04
9.444855771354062051e-05
-4.634650146762172543e-04
6.048117308505803792e-05
-4.687224713653907054e-04
2.670325570752784313e-05
-4.714752870965576359e-04
-6.706447283664411334e-06
-4.718105719122492455e-04
-3.958288894821682374e-05
-4.698259901683285097e-04
-7.177495148679813135e-05
-4.656281559670924801e-04
-1.031455267778992038e-04
-4.593310939297442965e-04
-1.335714629956897192e-04
-4.510547745404971639e-04
-1.629433917040748036e-04
-4.409237313814559070e-04
-1.911654495593171580e-04
-4.290657658058525011e-04
-2.181549083415491386e-04
-4.156107429724684469e-04
-2.438417265015000845e-04
-4.006894816918723417e-04
-2.681680347788242954e-04
-3.844327392120120042e-04
-2.910875677385062589e-04
-3.669702908988712806e-04
-3.125650523091890983e-04
-3.484301037391580478e-04
-3.325755636004914650e-04
-3.289376017062532482e-04
-3.511038574506959112e-04
-3.086150202740212166e-04
-3.681436883184901793e-04
-2.875808467361147709e-04
-3.836971202969479224e-04
-2.659493424750306728e-04
-3.977738382089679751e-04
-2.438301429222542198e-04
-4.103904649412944551e-04
-2.213279306452697274e-04
-4.215698904061132633e-04
-1.985421767827944689e-04
-4.313406167816536373e-04
-1.755669459140848454e-04
-4.397361239886548256e-04
-1.524907593860047334e-04
-4.467942587045083147e-04
-1.293965121203453092e-04
-4.525566496098314302e-04
-1.063614379789431727e-04
-4.570681509985481737e-04
-8.345711886390851358e-05
-4.603763163686586720e-04
-6.074953287136077625e-05
-4.625309031415719501e-04
-3.829913698880180618e-05
-4.635834092360086294e-04
-1.616098002451594757e-05
-4.635866418447095864e-04
5.615158323183386604e-06
-4.625943184292807559e-04
2.698460611624342934e-05
-4.606606996536462143e-04
4.790761916115813569e-05
-4.578402537253023182e-04
6.834918569159154425e-05
-4.541873513957964061e-04
8.827881886124065280e-05
-4.497559906892407999e-04
1.076703399051959264e-04
-4.445995502781205453e-04
1.265016545801457299e-04
-4.387705703037755606e-04
1.447545252490292514e-04
-4.323205593440964116e-04
1.624143407408906292e-04
-4.252998261617897723e-04
1.794698858877823199e-04
-4.177573348159369028e-04
1.959131124249619514e-04
-4.097405816918518761e-04
2.117389127344595709e-04
-4.012954929910475879e-04
2.269448977177149175e-04
-3.924663412258454372e-04
2.415311799017543165e-04
-3.832956792787481815e-04
2.555001627136078632e-04
-3.738242906139203838e-04
2.688563367013240913e-04
-3.640911542625120873e-04
2.816060833361757427e-04
-3.541334232493111608e-04
2.937574868978391719e-04
-3.439864151764256378e-04
3.053201548247108698e-04
-3.336836137362948415e-04
3.163050468035490071e-04
-3.232566799830418887e-04
3.267243127751612644e-04
-3.127354722544671605e-04
3.365911399454560651e-04
-3.021480737001900696e-04
3.459196088149326916e-04
-2.915208264333844822e-04
3.547245581728476239e-04
-2.808783713907974863e-04
3.630214589426080307e-04
-2.702436930484254326e-04
3.708262967148411634e-04
-2.596381682021620747e-04
3.781554627629024612e-04
-2.490816180868706486e-04
3.850256532981726062e-04
-2.385923631648117897e-04
3.914537766938145638e-04
-2.281872799738138562e-04
3.974568683818669812e-04
-2.178818594800586940e-04
4.030520131104005583e-04
-2.076902664332940592e-04
4.082562742331736745e-04
-1.976253992744620097e-04
4.130866296951969273e-04
-1.876989501899871079e-04
4.175599143717754168e-04
-1.779214649555099044e-04
4.216927684164554525e-04
-1.683024022508679794e-04
4.255015912731519717e-04
-1.588501921697597452e-04
4.290025010114608848e-04
-1.495722936822853019e-04
4.322112986487888038e-04
-1.404752508436321471e-04
4.351434371308874000e-04
-1.315647475726388596e-04
4.378139946490632040e-04
-1.228456608534545945e-04
4.402376519845883950e-04
-1.143221122381588516e-04
4.424286735796789313e-04
-1.059975175550623193e-04
4.444008920471852111e-04
-9.787463474577202125e-05
4.461676958426790763e-04
-8.995560977620285390e-05
4.477420198363377558e-04
-8.224202058348581944e-05
4.491363385335788187e-04
-7.473491903599570893e-05
4.503626617078035094e-04
-6.743487089953147844e-05
4.514325322206736574e-04
-6.034199381260555752e-05
4.523570258192939880e-04
-5.345599328695214199e-05
4.531467527117188834e-04
-4.677619675834984812e-05
4.538118607354192820e-04
-4.030158571969205987e-05
4.543620399448892316e-04
-3.403082597781842021e-05
4.548065284575125407e-04
-2.796229607946994298e-05
4.551541194073022286e-04
-2.209411395764362355e-05
4.554131688677222128e-04
-1.642416185451581016e-05
4.555916046154118637e-04
-1.095010957806788737e-05
4.556969356162449700e-04
-5.669436155424090185e-06
4.557362621256319524e-04
-5.794499449474120947e-07
4.557162863030735870e-04
4.322692728069314413e-06
4.556433232504569341e-04
9.039970346424596077e-06
4.555233123907717748e-04
1.357548032169804235e-05
4.553618291129713598e-04
1.793242439379041844e-05
4.551640966136025158e-04
2.211409524510992049e-05
4.549349978749912338e-04
2.612386426457165983e-05
4.546790877237623244e-04
2.996517039689046077e-05
4.544006049208680490e-04
3.364151001628034633e-05
4.541034842381881480e-04
3.715642776204366310e-05
4.537913684830077168e-04
4.051350827795222129e-05
4.534676204351475266e-04
4.371636879623341972e-05
4.531353346656208630e-04
4.676865251219551774e-05
4.527973492109148594e-04
4.967402269294483950e-05
4.524562570779541455e-04
5.243615747087531243e-05
4.521144175606673461e-04
5.505874526905824538e-05
4.517739673491184913e-04
5.754548081324424580e-05
4.514368314176140555e-04
5.990006168238293498e-05
4.511047336772076605e-04
6.212618535465124544e-05
4.507792073835596540e-04
6.422754670756336895e-05
4.504616052897414879e-04
6.620783593120238997e-05
4.501531095374454233e-04
6.807073681831918473e-05
4.498547412798036731e-04
6.981992539371439238e-05
4.495673700321145419e-04
7.145906885067966879e-05
4.492917227454026885e-04
7.299182476242188460e-05
4.490283926010793297e-04
7.442184053672146714e-05
4.487778475243672316e-04
7.575275308818296260e-05
4.485404384142595248e-04
7.698818869985722853e-05
4.483164070910261806e-04
7.813176305004291156e-05
4.481058939588203468e-04
7.918708138152422658e-05
4.479089453847269996e-04
8.015773879182185296e-05
4.477255207939018732e-04
8.104732062373459171e-05
4.475554994817711359e-04
8.185940293958186408e-05
4.473986871431104252e-04
8.259755306025992443e-05
4.472548221198144021e-04
8.326533015525405725e-05
4.471235813670298292e-04
8.386628586851553168e-05
4.470045861393566466e-04
8.440396496738912773e-05
4.468974073975654718e-04
8.488190600360208653e-05
4.468015709364717451e-04
8.530364197430228331e-05
4.467165622350163529e-04
8.567270097610752474e-05
4.466418310292831571e-04
8.599260684010465519e-05
4.465767956079515514e-04
8.626687974485128512e-05
4.465208468328903243e-04
8.649903679681415769e-05
4.464733518829109042e-04
8.669259257497658518e-05
4.464336577225807038e-04
8.685105963378780217e-05
4.464010942956209236e-04
8.697794896044030218e-05
4.463749774441572215e-04
8.707677038350444387e-05
4.463546115506594400e-04
8.715103292890563451e-05
4.463392919084902422e-04
8.720424512209798071e-05
4.463283068145254594e-04
8.723991523424355892e-05
4.463209393883712855e-04
8.726155147061617854e-05
4.463164691160167443e-04
8.727266210076722527e-05
4.463141731180932754e-04
8.727675552954361395e-05
4.463133271433068500e-04
